0 - 0 5
1 - 1 5
2 - 2 7
3 - 3 6
4 - 4 1
5 - 5 0
6 - 6 3
7 - 7 2
8 - 8 1,5
9 - 9 5,5
10 - 10 6,5
11 - 11 4,5
12 - 12 1,5
13 - 13 0,5
14 - 14 3,5
15 - 15 2,5
16 - 16 5,7
17 - 17 5,7
18 - 18 5,7
19 - 19 2,7
20 - 20 1,7
21 - 21 1,7
22 - 22 3,7
23 - 23 2,7
24 - 24 1,6
25 - 25 5,6
26 - 26 4,6
27 - 27 0,6
28 - 28 1,6
29 - 29 1,6
30 - 30 3,6
31 - 31 2,6
32 - 32 5,1
33 - 33 5,1
34 - 34 3,1
35 - 35 6,1
36 - 36 0,1
37 - 37 2,1
38 - 38 3,1
39 - 39 2,1
40 - 40 1,0
41 - 41 5,0
42 - 42 2,0
43 - 43 4,0
44 - 44 0,0
45 - 45 2,0
46 - 46 3,0
47 - 47 2,0
48 - 48 5,3
49 - 49 5,3
50 - 50 1,3
51 - 51 2,3
52 - 52 0,3
53 - 53 3,3
54 - 54 3,3
55 - 55 2,3
56 - 56 1,2
57 - 57 5,2
58 - 58 0,2
59 - 59 0,2
60 - 60 0,2
61 - 61 3,2
62 - 62 3,2
63 - 63 2,2
64 - 64 5,1,5
65 - 65 5,1,5
66 - 66 7,1,5
67 - 67 6,1,5
68 - 68 3,1,5
69 - 69 4,1,5
70 - 70 3,1,5
71 - 71 3,1,5
72 - 72 1,5,5
73 - 73 5,5,5
74 - 74 6,5,5
75 - 75 4,5,5
76 - 76 3,5,5
77 - 77 4,5,5
78 - 78 3,5,5
79 - 79 3,5,5
80 - 80 5,6,5
81 - 81 5,6,5
82 - 82 5,6,5
83 - 83 2,6,5
84 - 84 3,6,5
85 - 85 5,6,5
86 - 86 3,6,5
87 - 87 3,6,5
88 - 88 1,4,5
89 - 89 5,4,5
90 - 90 4,4,5
91 - 91 0,4,5
92 - 92 3,4,5
93 - 93 5,4,5
94 - 94 3,4,5
95 - 95 3,4,5
96 - 96 5,1,5
97 - 97 5,1,5
98 - 98 3,1,5
99 - 99 6,1,5
100 - 100 2,1,5
101 - 101 6,1,5
102 - 102 3,1,5
103 - 103 3,1,5
104 - 104 1,0,5
105 - 105 5,0,5
106 - 106 2,0,5
107 - 107 4,0,5
108 - 108 2,0,5
109 - 109 6,0,5
110 - 110 3,0,5
111 - 111 3,0,5
112 - 112 5,3,5
113 - 113 5,3,5
114 - 114 1,3,5
115 - 115 2,3,5
116 - 116 2,3,5
117 - 117 7,3,5
118 - 118 3,3,5
119 - 119 3,3,5
120 - 120 1,2,5
121 - 121 5,2,5
122 - 122 0,2,5
123 - 123 0,2,5
124 - 124 2,2,5
125 - 125 7,2,5
126 - 126 3,2,5
127 - 127 3,2,5
128 - 128 5,5,7
129 - 129 5,5,7
130 - 130 7,5,7
131 - 131 6,5,7
132 - 132 5,5,7
133 - 133 0,5,7
134 - 134 2,5,7
135 - 135 0,5,7
136 - 136 1,5,7
137 - 137 5,5,7
138 - 138 6,5,7
139 - 139 4,5,7
140 - 140 5,5,7
141 - 141 0,5,7
142 - 142 2,5,7
143 - 143 0,5,7
144 - 144 5,5,7
145 - 145 5,5,7
146 - 146 5,5,7
147 - 147 2,5,7
148 - 148 5,5,7
149 - 149 1,5,7
150 - 150 2,5,7
151 - 151 0,5,7
152 - 152 1,2,7
153 - 153 5,2,7
154 - 154 4,2,7
155 - 155 0,2,7
156 - 156 5,2,7
157 - 157 1,2,7
158 - 158 2,2,7
159 - 159 0,2,7
160 - 160 5,1,7
161 - 161 5,1,7
162 - 162 3,1,7
163 - 163 6,1,7
164 - 164 4,1,7
165 - 165 2,1,7
166 - 166 2,1,7
167 - 167 0,1,7
168 - 168 1,1,7
169 - 169 5,1,7
170 - 170 2,1,7
171 - 171 4,1,7
172 - 172 4,1,7
173 - 173 2,1,7
174 - 174 2,1,7
175 - 175 0,1,7
176 - 176 5,3,7
177 - 177 5,3,7
178 - 178 1,3,7
179 - 179 2,3,7
180 - 180 4,3,7
181 - 181 3,3,7
182 - 182 2,3,7
183 - 183 0,3,7
184 - 184 1,2,7
185 - 185 5,2,7
186 - 186 0,2,7
187 - 187 0,2,7
188 - 188 4,2,7
189 - 189 3,2,7
190 - 190 2,2,7
191 - 191 0,2,7
192 - 192 5,1,6
193 - 193 5,1,6
194 - 194 7,1,6
195 - 195 6,1,6
196 - 196 7,1,6
197 - 197 4,1,6
198 - 198 2,1,6
199 - 199 1,1,6
200 - 200 1,5,6
201 - 201 5,5,6
202 - 202 6,5,6
203 - 203 4,5,6
204 - 204 7,5,6
205 - 205 4,5,6
206 - 206 2,5,6
207 - 207 1,5,6
208 - 208 5,4,6
209 - 209 5,4,6
210 - 210 5,4,6
211 - 211 2,4,6
212 - 212 7,4,6
213 - 213 5,4,6
214 - 214 2,4,6
215 - 215 1,4,6
216 - 216 1,0,6
217 - 217 5,0,6
218 - 218 4,0,6
219 - 219 0,0,6
220 - 220 7,0,6
221 - 221 5,0,6
222 - 222 2,0,6
223 - 223 1,0,6
224 - 224 5,1,6
225 - 225 5,1,6
226 - 226 3,1,6
227 - 227 6,1,6
228 - 228 6,1,6
229 - 229 6,1,6
230 - 230 2,1,6
231 - 231 1,1,6
232 - 232 1,1,6
233 - 233 5,1,6
234 - 234 2,1,6
235 - 235 4,1,6
236 - 236 6,1,6
237 - 237 6,1,6
238 - 238 2,1,6
239 - 239 1,1,6
240 - 240 5,3,6
241 - 241 5,3,6
242 - 242 1,3,6
243 - 243 2,3,6
244 - 244 6,3,6
245 - 245 7,3,6
246 - 246 2,3,6
247 - 247 1,3,6
248 - 248 1,2,6
249 - 249 5,2,6
250 - 250 0,2,6
251 - 251 0,2,6
252 - 252 6,2,6
253 - 253 7,2,6
254 - 254 2,2,6
255 - 255 1,2,6
256 - 256 5,5,1
257 - 257 5,5,1
258 - 258 7,5,1
259 - 259 6,5,1
260 - 260 1,5,1
261 - 261 0,5,1
262 - 262 1,5,1
263 - 263 6,5,1
264 - 264 1,5,1
265 - 265 5,5,1
266 - 266 6,5,1
267 - 267 4,5,1
268 - 268 1,5,1
269 - 269 0,5,1
270 - 270 1,5,1
271 - 271 6,5,1
272 - 272 5,3,1
273 - 273 5,3,1
274 - 274 5,3,1
275 - 275 2,3,1
276 - 276 1,3,1
277 - 277 1,3,1
278 - 278 1,3,1
279 - 279 6,3,1
280 - 280 1,6,1
281 - 281 5,6,1
282 - 282 4,6,1
283 - 283 0,6,1
284 - 284 1,6,1
285 - 285 1,6,1
286 - 286 1,6,1
287 - 287 6,6,1
288 - 288 5,0,1
289 - 289 5,0,1
290 - 290 3,0,1
291 - 291 6,0,1
292 - 292 0,0,1
293 - 293 2,0,1
294 - 294 1,0,1
295 - 295 6,0,1
296 - 296 1,2,1
297 - 297 5,2,1
298 - 298 2,2,1
299 - 299 4,2,1
300 - 300 0,2,1
301 - 301 2,2,1
302 - 302 1,2,1
303 - 303 6,2,1
304 - 304 5,3,1
305 - 305 5,3,1
306 - 306 1,3,1
307 - 307 2,3,1
308 - 308 0,3,1
309 - 309 3,3,1
310 - 310 1,3,1
311 - 311 6,3,1
312 - 312 1,2,1
313 - 313 5,2,1
314 - 314 0,2,1
315 - 315 0,2,1
316 - 316 0,2,1
317 - 317 3,2,1
318 - 318 1,2,1
319 - 319 6,2,1
320 - 320 5,1,0
321 - 321 5,1,0
322 - 322 7,1,0
323 - 323 6,1,0
324 - 324 3,1,0
325 - 325 4,1,0
326 - 326 1,1,0
327 - 327 7,1,0
328 - 328 1,5,0
329 - 329 5,5,0
330 - 330 6,5,0
331 - 331 4,5,0
332 - 332 3,5,0
333 - 333 4,5,0
334 - 334 1,5,0
335 - 335 7,5,0
336 - 336 5,2,0
337 - 337 5,2,0
338 - 338 5,2,0
339 - 339 2,2,0
340 - 340 3,2,0
341 - 341 5,2,0
342 - 342 1,2,0
343 - 343 7,2,0
344 - 344 1,4,0
345 - 345 5,4,0
346 - 346 4,4,0
347 - 347 0,4,0
348 - 348 3,4,0
349 - 349 5,4,0
350 - 350 1,4,0
351 - 351 7,4,0
352 - 352 5,0,0
353 - 353 5,0,0
354 - 354 3,0,0
355 - 355 6,0,0
356 - 356 2,0,0
357 - 357 6,0,0
358 - 358 1,0,0
359 - 359 7,0,0
360 - 360 1,2,0
361 - 361 5,2,0
362 - 362 2,2,0
363 - 363 4,2,0
364 - 364 2,2,0
365 - 365 6,2,0
366 - 366 1,2,0
367 - 367 7,2,0
368 - 368 5,3,0
369 - 369 5,3,0
370 - 370 1,3,0
371 - 371 2,3,0
372 - 372 2,3,0
373 - 373 7,3,0
374 - 374 1,3,0
375 - 375 7,3,0
376 - 376 1,2,0
377 - 377 5,2,0
378 - 378 0,2,0
379 - 379 0,2,0
380 - 380 2,2,0
381 - 381 7,2,0
382 - 382 1,2,0
383 - 383 7,2,0
384 - 384 5,5,3
385 - 385 5,5,3
386 - 386 7,5,3
387 - 387 6,5,3
388 - 388 5,5,3
389 - 389 0,5,3
390 - 390 0,5,3
391 - 391 4,5,3
392 - 392 1,5,3
393 - 393 5,5,3
394 - 394 6,5,3
395 - 395 4,5,3
396 - 396 5,5,3
397 - 397 0,5,3
398 - 398 0,5,3
399 - 399 4,5,3
400 - 400 5,1,3
401 - 401 5,1,3
402 - 402 5,1,3
403 - 403 2,1,3
404 - 404 5,1,3
405 - 405 1,1,3
406 - 406 0,1,3
407 - 407 4,1,3
408 - 408 1,2,3
409 - 409 5,2,3
410 - 410 4,2,3
411 - 411 0,2,3
412 - 412 5,2,3
413 - 413 1,2,3
414 - 414 0,2,3
415 - 415 4,2,3
416 - 416 5,0,3
417 - 417 5,0,3
418 - 418 3,0,3
419 - 419 6,0,3
420 - 420 4,0,3
421 - 421 2,0,3
422 - 422 0,0,3
423 - 423 4,0,3
424 - 424 1,3,3
425 - 425 5,3,3
426 - 426 2,3,3
427 - 427 4,3,3
428 - 428 4,3,3
429 - 429 2,3,3
430 - 430 0,3,3
431 - 431 4,3,3
432 - 432 5,3,3
433 - 433 5,3,3
434 - 434 1,3,3
435 - 435 2,3,3
436 - 436 4,3,3
437 - 437 3,3,3
438 - 438 0,3,3
439 - 439 4,3,3
440 - 440 1,2,3
441 - 441 5,2,3
442 - 442 0,2,3
443 - 443 0,2,3
444 - 444 4,2,3
445 - 445 3,2,3
446 - 446 0,2,3
447 - 447 4,2,3
448 - 448 5,1,2
449 - 449 5,1,2
450 - 450 7,1,2
451 - 451 6,1,2
452 - 452 7,1,2
453 - 453 4,1,2
454 - 454 0,1,2
455 - 455 5,1,2
456 - 456 1,5,2
457 - 457 5,5,2
458 - 458 6,5,2
459 - 459 4,5,2
460 - 460 7,5,2
461 - 461 4,5,2
462 - 462 0,5,2
463 - 463 5,5,2
464 - 464 5,0,2
465 - 465 5,0,2
466 - 466 5,0,2
467 - 467 2,0,2
468 - 468 7,0,2
469 - 469 5,0,2
470 - 470 0,0,2
471 - 471 5,0,2
472 - 472 1,0,2
473 - 473 5,0,2
474 - 474 4,0,2
475 - 475 0,0,2
476 - 476 7,0,2
477 - 477 5,0,2
478 - 478 0,0,2
479 - 479 5,0,2
480 - 480 5,0,2
481 - 481 5,0,2
482 - 482 3,0,2
483 - 483 6,0,2
484 - 484 6,0,2
485 - 485 6,0,2
486 - 486 0,0,2
487 - 487 5,0,2
488 - 488 1,3,2
489 - 489 5,3,2
490 - 490 2,3,2
491 - 491 4,3,2
492 - 492 6,3,2
493 - 493 6,3,2
494 - 494 0,3,2
495 - 495 5,3,2
496 - 496 5,3,2
497 - 497 5,3,2
498 - 498 1,3,2
499 - 499 2,3,2
500 - 500 6,3,2
501 - 501 7,3,2
502 - 502 0,3,2
503 - 503 5,3,2
504 - 504 1,2,2
505 - 505 5,2,2
506 - 506 0,2,2
507 - 507 0,2,2
508 - 508 6,2,2
509 - 509 7,2,2
510 - 510 0,2,2
511 - 511 5,2,2
512 - 512 5,5,1,5
513 - 513 5,5,1,5
514 - 514 7,5,1,5
515 - 515 6,5,1,5
516 - 516 1,5,1,5
517 - 517 0,5,1,5
518 - 518 7,5,1,5
519 - 519 2,5,1,5
520 - 520 1,5,1,5
521 - 521 5,5,1,5
522 - 522 6,5,1,5
523 - 523 4,5,1,5
524 - 524 1,5,1,5
525 - 525 0,5,1,5
526 - 526 7,5,1,5
527 - 527 2,5,1,5
528 - 528 5,7,1,5
529 - 529 5,7,1,5
530 - 530 5,7,1,5
531 - 531 2,7,1,5
532 - 532 1,7,1,5
533 - 533 1,7,1,5
534 - 534 7,7,1,5
535 - 535 2,7,1,5
536 - 536 1,6,1,5
537 - 537 5,6,1,5
538 - 538 4,6,1,5
539 - 539 0,6,1,5
540 - 540 1,6,1,5
541 - 541 1,6,1,5
542 - 542 7,6,1,5
543 - 543 2,6,1,5
544 - 544 5,3,1,5
545 - 545 5,3,1,5
546 - 546 3,3,1,5
547 - 547 6,3,1,5
548 - 548 0,3,1,5
549 - 549 2,3,1,5
550 - 550 7,3,1,5
551 - 551 2,3,1,5
552 - 552 1,4,1,5
553 - 553 5,4,1,5
554 - 554 2,4,1,5
555 - 555 4,4,1,5
556 - 556 0,4,1,5
557 - 557 2,4,1,5
558 - 558 7,4,1,5
559 - 559 2,4,1,5
560 - 560 5,3,1,5
561 - 561 5,3,1,5
562 - 562 1,3,1,5
563 - 563 2,3,1,5
564 - 564 0,3,1,5
565 - 565 3,3,1,5
566 - 566 7,3,1,5
567 - 567 2,3,1,5
568 - 568 1,3,1,5
569 - 569 5,3,1,5
570 - 570 0,3,1,5
571 - 571 0,3,1,5
572 - 572 0,3,1,5
573 - 573 3,3,1,5
574 - 574 7,3,1,5
575 - 575 2,3,1,5
576 - 576 5,1,5,5
577 - 577 5,1,5,5
578 - 578 7,1,5,5
579 - 579 6,1,5,5
580 - 580 3,1,5,5
581 - 581 4,1,5,5
582 - 582 7,1,5,5
583 - 583 3,1,5,5
584 - 584 1,5,5,5
585 - 585 5,5,5,5
586 - 586 6,5,5,5
587 - 587 4,5,5,5
588 - 588 3,5,5,5
589 - 589 4,5,5,5
590 - 590 7,5,5,5
591 - 591 3,5,5,5
592 - 592 5,6,5,5
593 - 593 5,6,5,5
594 - 594 5,6,5,5
595 - 595 2,6,5,5
596 - 596 3,6,5,5
597 - 597 5,6,5,5
598 - 598 7,6,5,5
599 - 599 3,6,5,5
600 - 600 1,4,5,5
601 - 601 5,4,5,5
602 - 602 4,4,5,5
603 - 603 0,4,5,5
604 - 604 3,4,5,5
605 - 605 5,4,5,5
606 - 606 7,4,5,5
607 - 607 3,4,5,5
608 - 608 5,3,5,5
609 - 609 5,3,5,5
610 - 610 3,3,5,5
611 - 611 6,3,5,5
612 - 612 2,3,5,5
613 - 613 6,3,5,5
614 - 614 7,3,5,5
615 - 615 3,3,5,5
616 - 616 1,4,5,5
617 - 617 5,4,5,5
618 - 618 2,4,5,5
619 - 619 4,4,5,5
620 - 620 2,4,5,5
621 - 621 6,4,5,5
622 - 622 7,4,5,5
623 - 623 3,4,5,5
624 - 624 5,3,5,5
625 - 625 5,3,5,5
626 - 626 1,3,5,5
627 - 627 2,3,5,5
628 - 628 2,3,5,5
629 - 629 7,3,5,5
630 - 630 7,3,5,5
631 - 631 3,3,5,5
632 - 632 1,3,5,5
633 - 633 5,3,5,5
634 - 634 0,3,5,5
635 - 635 0,3,5,5
636 - 636 2,3,5,5
637 - 637 7,3,5,5
638 - 638 7,3,5,5
639 - 639 3,3,5,5
640 - 640 5,5,6,5
641 - 641 5,5,6,5
642 - 642 7,5,6,5
643 - 643 6,5,6,5
644 - 644 5,5,6,5
645 - 645 0,5,6,5
646 - 646 6,5,6,5
647 - 647 0,5,6,5
648 - 648 1,5,6,5
649 - 649 5,5,6,5
650 - 650 6,5,6,5
651 - 651 4,5,6,5
652 - 652 5,5,6,5
653 - 653 0,5,6,5
654 - 654 6,5,6,5
655 - 655 0,5,6,5
656 - 656 5,5,6,5
657 - 657 5,5,6,5
658 - 658 5,5,6,5
659 - 659 2,5,6,5
660 - 660 5,5,6,5
661 - 661 1,5,6,5
662 - 662 6,5,6,5
663 - 663 0,5,6,5
664 - 664 1,2,6,5
665 - 665 5,2,6,5
666 - 666 4,2,6,5
667 - 667 0,2,6,5
668 - 668 5,2,6,5
669 - 669 1,2,6,5
670 - 670 6,2,6,5
671 - 671 0,2,6,5
672 - 672 5,3,6,5
673 - 673 5,3,6,5
674 - 674 3,3,6,5
675 - 675 6,3,6,5
676 - 676 4,3,6,5
677 - 677 2,3,6,5
678 - 678 6,3,6,5
679 - 679 0,3,6,5
680 - 680 1,5,6,5
681 - 681 5,5,6,5
682 - 682 2,5,6,5
683 - 683 4,5,6,5
684 - 684 4,5,6,5
685 - 685 2,5,6,5
686 - 686 6,5,6,5
687 - 687 0,5,6,5
688 - 688 5,3,6,5
689 - 689 5,3,6,5
690 - 690 1,3,6,5
691 - 691 2,3,6,5
692 - 692 4,3,6,5
693 - 693 3,3,6,5
694 - 694 6,3,6,5
695 - 695 0,3,6,5
696 - 696 1,3,6,5
697 - 697 5,3,6,5
698 - 698 0,3,6,5
699 - 699 0,3,6,5
700 - 700 4,3,6,5
701 - 701 3,3,6,5
702 - 702 6,3,6,5
703 - 703 0,3,6,5
704 - 704 5,1,4,5
705 - 705 5,1,4,5
706 - 706 7,1,4,5
707 - 707 6,1,4,5
708 - 708 7,1,4,5
709 - 709 4,1,4,5
710 - 710 6,1,4,5
711 - 711 1,1,4,5
712 - 712 1,5,4,5
713 - 713 5,5,4,5
714 - 714 6,5,4,5
715 - 715 4,5,4,5
716 - 716 7,5,4,5
717 - 717 4,5,4,5
718 - 718 6,5,4,5
719 - 719 1,5,4,5
720 - 720 5,4,4,5
721 - 721 5,4,4,5
722 - 722 5,4,4,5
723 - 723 2,4,4,5
724 - 724 7,4,4,5
725 - 725 5,4,4,5
726 - 726 6,4,4,5
727 - 727 1,4,4,5
728 - 728 1,0,4,5
729 - 729 5,0,4,5
730 - 730 4,0,4,5
731 - 731 0,0,4,5
732 - 732 7,0,4,5
733 - 733 5,0,4,5
734 - 734 6,0,4,5
735 - 735 1,0,4,5
736 - 736 5,3,4,5
737 - 737 5,3,4,5
738 - 738 3,3,4,5
739 - 739 6,3,4,5
740 - 740 6,3,4,5
741 - 741 6,3,4,5
742 - 742 6,3,4,5
743 - 743 1,3,4,5
744 - 744 1,5,4,5
745 - 745 5,5,4,5
746 - 746 2,5,4,5
747 - 747 4,5,4,5
748 - 748 6,5,4,5
749 - 749 6,5,4,5
750 - 750 6,5,4,5
751 - 751 1,5,4,5
752 - 752 5,3,4,5
753 - 753 5,3,4,5
754 - 754 1,3,4,5
755 - 755 2,3,4,5
756 - 756 6,3,4,5
757 - 757 7,3,4,5
758 - 758 6,3,4,5
759 - 759 1,3,4,5
760 - 760 1,3,4,5
761 - 761 5,3,4,5
762 - 762 0,3,4,5
763 - 763 0,3,4,5
764 - 764 6,3,4,5
765 - 765 7,3,4,5
766 - 766 6,3,4,5
767 - 767 1,3,4,5
768 - 768 5,5,1,5
769 - 769 5,5,1,5
770 - 770 7,5,1,5
771 - 771 6,5,1,5
772 - 772 1,5,1,5
773 - 773 0,5,1,5
774 - 774 5,5,1,5
775 - 775 6,5,1,5
776 - 776 1,5,1,5
777 - 777 5,5,1,5
778 - 778 6,5,1,5
779 - 779 4,5,1,5
780 - 780 1,5,1,5
781 - 781 0,5,1,5
782 - 782 5,5,1,5
783 - 783 6,5,1,5
784 - 784 5,3,1,5
785 - 785 5,3,1,5
786 - 786 5,3,1,5
787 - 787 2,3,1,5
788 - 788 1,3,1,5
789 - 789 1,3,1,5
790 - 790 5,3,1,5
791 - 791 6,3,1,5
792 - 792 1,6,1,5
793 - 793 5,6,1,5
794 - 794 4,6,1,5
795 - 795 0,6,1,5
796 - 796 1,6,1,5
797 - 797 1,6,1,5
798 - 798 5,6,1,5
799 - 799 6,6,1,5
800 - 800 5,2,1,5
801 - 801 5,2,1,5
802 - 802 3,2,1,5
803 - 803 6,2,1,5
804 - 804 0,2,1,5
805 - 805 2,2,1,5
806 - 806 5,2,1,5
807 - 807 6,2,1,5
808 - 808 1,6,1,5
809 - 809 5,6,1,5
810 - 810 2,6,1,5
811 - 811 4,6,1,5
812 - 812 0,6,1,5
813 - 813 2,6,1,5
814 - 814 5,6,1,5
815 - 815 6,6,1,5
816 - 816 5,3,1,5
817 - 817 5,3,1,5
818 - 818 1,3,1,5
819 - 819 2,3,1,5
820 - 820 0,3,1,5
821 - 821 3,3,1,5
822 - 822 5,3,1,5
823 - 823 6,3,1,5
824 - 824 1,3,1,5
825 - 825 5,3,1,5
826 - 826 0,3,1,5
827 - 827 0,3,1,5
828 - 828 0,3,1,5
829 - 829 3,3,1,5
830 - 830 5,3,1,5
831 - 831 6,3,1,5
832 - 832 5,1,0,5
833 - 833 5,1,0,5
834 - 834 7,1,0,5
835 - 835 6,1,0,5
836 - 836 3,1,0,5
837 - 837 4,1,0,5
838 - 838 5,1,0,5
839 - 839 7,1,0,5
840 - 840 1,5,0,5
841 - 841 5,5,0,5
842 - 842 6,5,0,5
843 - 843 4,5,0,5
844 - 844 3,5,0,5
845 - 845 4,5,0,5
846 - 846 5,5,0,5
847 - 847 7,5,0,5
848 - 848 5,2,0,5
849 - 849 5,2,0,5
850 - 850 5,2,0,5
851 - 851 2,2,0,5
852 - 852 3,2,0,5
853 - 853 5,2,0,5
854 - 854 5,2,0,5
855 - 855 7,2,0,5
856 - 856 1,4,0,5
857 - 857 5,4,0,5
858 - 858 4,4,0,5
859 - 859 0,4,0,5
860 - 860 3,4,0,5
861 - 861 5,4,0,5
862 - 862 5,4,0,5
863 - 863 7,4,0,5
864 - 864 5,2,0,5
865 - 865 5,2,0,5
866 - 866 3,2,0,5
867 - 867 6,2,0,5
868 - 868 2,2,0,5
869 - 869 6,2,0,5
870 - 870 5,2,0,5
871 - 871 7,2,0,5
872 - 872 1,6,0,5
873 - 873 5,6,0,5
874 - 874 2,6,0,5
875 - 875 4,6,0,5
876 - 876 2,6,0,5
877 - 877 6,6,0,5
878 - 878 5,6,0,5
879 - 879 7,6,0,5
880 - 880 5,3,0,5
881 - 881 5,3,0,5
882 - 882 1,3,0,5
883 - 883 2,3,0,5
884 - 884 2,3,0,5
885 - 885 7,3,0,5
886 - 886 5,3,0,5
887 - 887 7,3,0,5
888 - 888 1,3,0,5
889 - 889 5,3,0,5
890 - 890 0,3,0,5
891 - 891 0,3,0,5
892 - 892 2,3,0,5
893 - 893 7,3,0,5
894 - 894 5,3,0,5
895 - 895 7,3,0,5
896 - 896 5,5,3,5
897 - 897 5,5,3,5
898 - 898 7,5,3,5
899 - 899 6,5,3,5
900 - 900 5,5,3,5
901 - 901 0,5,3,5
902 - 902 4,5,3,5
903 - 903 4,5,3,5
904 - 904 1,5,3,5
905 - 905 5,5,3,5
906 - 906 6,5,3,5
907 - 907 4,5,3,5
908 - 908 5,5,3,5
909 - 909 0,5,3,5
910 - 910 4,5,3,5
911 - 911 4,5,3,5
912 - 912 5,1,3,5
913 - 913 5,1,3,5
914 - 914 5,1,3,5
915 - 915 2,1,3,5
916 - 916 5,1,3,5
917 - 917 1,1,3,5
918 - 918 4,1,3,5
919 - 919 4,1,3,5
920 - 920 1,2,3,5
921 - 921 5,2,3,5
922 - 922 4,2,3,5
923 - 923 0,2,3,5
924 - 924 5,2,3,5
925 - 925 1,2,3,5
926 - 926 4,2,3,5
927 - 927 4,2,3,5
928 - 928 5,2,3,5
929 - 929 5,2,3,5
930 - 930 3,2,3,5
931 - 931 6,2,3,5
932 - 932 4,2,3,5
933 - 933 2,2,3,5
934 - 934 4,2,3,5
935 - 935 4,2,3,5
936 - 936 1,7,3,5
937 - 937 5,7,3,5
938 - 938 2,7,3,5
939 - 939 4,7,3,5
940 - 940 4,7,3,5
941 - 941 2,7,3,5
942 - 942 4,7,3,5
943 - 943 4,7,3,5
944 - 944 5,3,3,5
945 - 945 5,3,3,5
946 - 946 1,3,3,5
947 - 947 2,3,3,5
948 - 948 4,3,3,5
949 - 949 3,3,3,5
950 - 950 4,3,3,5
951 - 951 4,3,3,5
952 - 952 1,3,3,5
953 - 953 5,3,3,5
954 - 954 0,3,3,5
955 - 955 0,3,3,5
956 - 956 4,3,3,5
957 - 957 3,3,3,5
958 - 958 4,3,3,5
959 - 959 4,3,3,5
960 - 960 5,1,2,5
961 - 961 5,1,2,5
962 - 962 7,1,2,5
963 - 963 6,1,2,5
964 - 964 7,1,2,5
965 - 965 4,1,2,5
966 - 966 4,1,2,5
967 - 967 5,1,2,5
968 - 968 1,5,2,5
969 - 969 5,5,2,5
970 - 970 6,5,2,5
971 - 971 4,5,2,5
972 - 972 7,5,2,5
973 - 973 4,5,2,5
974 - 974 4,5,2,5
975 - 975 5,5,2,5
976 - 976 5,0,2,5
977 - 977 5,0,2,5
978 - 978 5,0,2,5
979 - 979 2,0,2,5
980 - 980 7,0,2,5
981 - 981 5,0,2,5
982 - 982 4,0,2,5
983 - 983 5,0,2,5
984 - 984 1,0,2,5
985 - 985 5,0,2,5
986 - 986 4,0,2,5
987 - 987 0,0,2,5
988 - 988 7,0,2,5
989 - 989 5,0,2,5
990 - 990 4,0,2,5
991 - 991 5,0,2,5
992 - 992 5,2,2,5
993 - 993 5,2,2,5
994 - 994 3,2,2,5
995 - 995 6,2,2,5
996 - 996 6,2,2,5
997 - 997 6,2,2,5
998 - 998 4,2,2,5
999 - 999 5,2,2,5
1000 - 1000 1,7,2,5
1001 - 1001 5,7,2,5
1002 - 1002 2,7,2,5
1003 - 1003 4,7,2,5
1004 - 1004 6,7,2,5
1005 - 1005 6,7,2,5
1006 - 1006 4,7,2,5
1007 - 1007 5,7,2,5
1008 - 1008 5,3,2,5
1009 - 1009 5,3,2,5
1010 - 1010 1,3,2,5
1011 - 1011 2,3,2,5
1012 - 1012 6,3,2,5
1013 - 1013 7,3,2,5
1014 - 1014 4,3,2,5
1015 - 1015 5,3,2,5
1016 - 1016 1,3,2,5
1017 - 1017 5,3,2,5
1018 - 1018 0,3,2,5
1019 - 1019 0,3,2,5
1020 - 1020 6,3,2,5
1021 - 1021 7,3,2,5
1022 - 1022 4,3,2,5
1023 - 1023 5,3,2,5
1024 - 1024 5,5,5,7
1025 - 1025 5,5,5,7
1026 - 1026 7,5,5,7
1027 - 1027 6,5,5,7
1028 - 1028 1,5,5,7
1029 - 1029 0,5,5,7
1030 - 1030 3,5,5,7
1031 - 1031 2,5,5,7
1032 - 1032 1,5,5,7
1033 - 1033 5,5,5,7
1034 - 1034 6,5,5,7
1035 - 1035 4,5,5,7
1036 - 1036 1,5,5,7
1037 - 1037 0,5,5,7
1038 - 1038 3,5,5,7
1039 - 1039 2,5,5,7
1040 - 1040 5,7,5,7
1041 - 1041 5,7,5,7
1042 - 1042 5,7,5,7
1043 - 1043 2,7,5,7
1044 - 1044 1,7,5,7
1045 - 1045 1,7,5,7
1046 - 1046 3,7,5,7
1047 - 1047 2,7,5,7
1048 - 1048 1,6,5,7
1049 - 1049 5,6,5,7
1050 - 1050 4,6,5,7
1051 - 1051 0,6,5,7
1052 - 1052 1,6,5,7
1053 - 1053 1,6,5,7
1054 - 1054 3,6,5,7
1055 - 1055 2,6,5,7
1056 - 1056 5,5,5,7
1057 - 1057 5,5,5,7
1058 - 1058 3,5,5,7
1059 - 1059 6,5,5,7
1060 - 1060 0,5,5,7
1061 - 1061 2,5,5,7
1062 - 1062 3,5,5,7
1063 - 1063 2,5,5,7
1064 - 1064 1,0,5,7
1065 - 1065 5,0,5,7
1066 - 1066 2,0,5,7
1067 - 1067 4,0,5,7
1068 - 1068 0,0,5,7
1069 - 1069 2,0,5,7
1070 - 1070 3,0,5,7
1071 - 1071 2,0,5,7
1072 - 1072 5,2,5,7
1073 - 1073 5,2,5,7
1074 - 1074 1,2,5,7
1075 - 1075 2,2,5,7
1076 - 1076 0,2,5,7
1077 - 1077 3,2,5,7
1078 - 1078 3,2,5,7
1079 - 1079 2,2,5,7
1080 - 1080 1,0,5,7
1081 - 1081 5,0,5,7
1082 - 1082 0,0,5,7
1083 - 1083 0,0,5,7
1084 - 1084 0,0,5,7
1085 - 1085 3,0,5,7
1086 - 1086 3,0,5,7
1087 - 1087 2,0,5,7
1088 - 1088 5,1,5,7
1089 - 1089 5,1,5,7
1090 - 1090 7,1,5,7
1091 - 1091 6,1,5,7
1092 - 1092 3,1,5,7
1093 - 1093 4,1,5,7
1094 - 1094 3,1,5,7
1095 - 1095 3,1,5,7
1096 - 1096 1,5,5,7
1097 - 1097 5,5,5,7
1098 - 1098 6,5,5,7
1099 - 1099 4,5,5,7
1100 - 1100 3,5,5,7
1101 - 1101 4,5,5,7
1102 - 1102 3,5,5,7
1103 - 1103 3,5,5,7
1104 - 1104 5,6,5,7
1105 - 1105 5,6,5,7
1106 - 1106 5,6,5,7
1107 - 1107 2,6,5,7
1108 - 1108 3,6,5,7
1109 - 1109 5,6,5,7
1110 - 1110 3,6,5,7
1111 - 1111 3,6,5,7
1112 - 1112 1,4,5,7
1113 - 1113 5,4,5,7
1114 - 1114 4,4,5,7
1115 - 1115 0,4,5,7
1116 - 1116 3,4,5,7
1117 - 1117 5,4,5,7
1118 - 1118 3,4,5,7
1119 - 1119 3,4,5,7
1120 - 1120 5,5,5,7
1121 - 1121 5,5,5,7
1122 - 1122 3,5,5,7
1123 - 1123 6,5,5,7
1124 - 1124 2,5,5,7
1125 - 1125 6,5,5,7
1126 - 1126 3,5,5,7
1127 - 1127 3,5,5,7
1128 - 1128 1,0,5,7
1129 - 1129 5,0,5,7
1130 - 1130 2,0,5,7
1131 - 1131 4,0,5,7
1132 - 1132 2,0,5,7
1133 - 1133 6,0,5,7
1134 - 1134 3,0,5,7
1135 - 1135 3,0,5,7
1136 - 1136 5,2,5,7
1137 - 1137 5,2,5,7
1138 - 1138 1,2,5,7
1139 - 1139 2,2,5,7
1140 - 1140 2,2,5,7
1141 - 1141 7,2,5,7
1142 - 1142 3,2,5,7
1143 - 1143 3,2,5,7
1144 - 1144 1,0,5,7
1145 - 1145 5,0,5,7
1146 - 1146 0,0,5,7
1147 - 1147 0,0,5,7
1148 - 1148 2,0,5,7
1149 - 1149 7,0,5,7
1150 - 1150 3,0,5,7
1151 - 1151 3,0,5,7
1152 - 1152 5,5,5,7
1153 - 1153 5,5,5,7
1154 - 1154 7,5,5,7
1155 - 1155 6,5,5,7
1156 - 1156 5,5,5,7
1157 - 1157 0,5,5,7
1158 - 1158 2,5,5,7
1159 - 1159 0,5,5,7
1160 - 1160 1,5,5,7
1161 - 1161 5,5,5,7
1162 - 1162 6,5,5,7
1163 - 1163 4,5,5,7
1164 - 1164 5,5,5,7
1165 - 1165 0,5,5,7
1166 - 1166 2,5,5,7
1167 - 1167 0,5,5,7
1168 - 1168 5,5,5,7
1169 - 1169 5,5,5,7
1170 - 1170 5,5,5,7
1171 - 1171 2,5,5,7
1172 - 1172 5,5,5,7
1173 - 1173 1,5,5,7
1174 - 1174 2,5,5,7
1175 - 1175 0,5,5,7
1176 - 1176 1,2,5,7
1177 - 1177 5,2,5,7
1178 - 1178 4,2,5,7
1179 - 1179 0,2,5,7
1180 - 1180 5,2,5,7
1181 - 1181 1,2,5,7
1182 - 1182 2,2,5,7
1183 - 1183 0,2,5,7
1184 - 1184 5,5,5,7
1185 - 1185 5,5,5,7
1186 - 1186 3,5,5,7
1187 - 1187 6,5,5,7
1188 - 1188 4,5,5,7
1189 - 1189 2,5,5,7
1190 - 1190 2,5,5,7
1191 - 1191 0,5,5,7
1192 - 1192 1,1,5,7
1193 - 1193 5,1,5,7
1194 - 1194 2,1,5,7
1195 - 1195 4,1,5,7
1196 - 1196 4,1,5,7
1197 - 1197 2,1,5,7
1198 - 1198 2,1,5,7
1199 - 1199 0,1,5,7
1200 - 1200 5,2,5,7
1201 - 1201 5,2,5,7
1202 - 1202 1,2,5,7
1203 - 1203 2,2,5,7
1204 - 1204 4,2,5,7
1205 - 1205 3,2,5,7
1206 - 1206 2,2,5,7
1207 - 1207 0,2,5,7
1208 - 1208 1,0,5,7
1209 - 1209 5,0,5,7
1210 - 1210 0,0,5,7
1211 - 1211 0,0,5,7
1212 - 1212 4,0,5,7
1213 - 1213 3,0,5,7
1214 - 1214 2,0,5,7
1215 - 1215 0,0,5,7
1216 - 1216 5,1,2,7
1217 - 1217 5,1,2,7
1218 - 1218 7,1,2,7
1219 - 1219 6,1,2,7
1220 - 1220 7,1,2,7
1221 - 1221 4,1,2,7
1222 - 1222 2,1,2,7
1223 - 1223 1,1,2,7
1224 - 1224 1,5,2,7
1225 - 1225 5,5,2,7
1226 - 1226 6,5,2,7
1227 - 1227 4,5,2,7
1228 - 1228 7,5,2,7
1229 - 1229 4,5,2,7
1230 - 1230 2,5,2,7
1231 - 1231 1,5,2,7
1232 - 1232 5,4,2,7
1233 - 1233 5,4,2,7
1234 - 1234 5,4,2,7
1235 - 1235 2,4,2,7
1236 - 1236 7,4,2,7
1237 - 1237 5,4,2,7
1238 - 1238 2,4,2,7
1239 - 1239 1,4,2,7
1240 - 1240 1,0,2,7
1241 - 1241 5,0,2,7
1242 - 1242 4,0,2,7
1243 - 1243 0,0,2,7
1244 - 1244 7,0,2,7
1245 - 1245 5,0,2,7
1246 - 1246 2,0,2,7
1247 - 1247 1,0,2,7
1248 - 1248 5,5,2,7
1249 - 1249 5,5,2,7
1250 - 1250 3,5,2,7
1251 - 1251 6,5,2,7
1252 - 1252 6,5,2,7
1253 - 1253 6,5,2,7
1254 - 1254 2,5,2,7
1255 - 1255 1,5,2,7
1256 - 1256 1,1,2,7
1257 - 1257 5,1,2,7
1258 - 1258 2,1,2,7
1259 - 1259 4,1,2,7
1260 - 1260 6,1,2,7
1261 - 1261 6,1,2,7
1262 - 1262 2,1,2,7
1263 - 1263 1,1,2,7
1264 - 1264 5,2,2,7
1265 - 1265 5,2,2,7
1266 - 1266 1,2,2,7
1267 - 1267 2,2,2,7
1268 - 1268 6,2,2,7
1269 - 1269 7,2,2,7
1270 - 1270 2,2,2,7
1271 - 1271 1,2,2,7
1272 - 1272 1,0,2,7
1273 - 1273 5,0,2,7
1274 - 1274 0,0,2,7
1275 - 1275 0,0,2,7
1276 - 1276 6,0,2,7
1277 - 1277 7,0,2,7
1278 - 1278 2,0,2,7
1279 - 1279 1,0,2,7
1280 - 1280 5,5,1,7
1281 - 1281 5,5,1,7
1282 - 1282 7,5,1,7
1283 - 1283 6,5,1,7
1284 - 1284 1,5,1,7
1285 - 1285 0,5,1,7
1286 - 1286 1,5,1,7
1287 - 1287 6,5,1,7
1288 - 1288 1,5,1,7
1289 - 1289 5,5,1,7
1290 - 1290 6,5,1,7
1291 - 1291 4,5,1,7
1292 - 1292 1,5,1,7
1293 - 1293 0,5,1,7
1294 - 1294 1,5,1,7
1295 - 1295 6,5,1,7
1296 - 1296 5,3,1,7
1297 - 1297 5,3,1,7
1298 - 1298 5,3,1,7
1299 - 1299 2,3,1,7
1300 - 1300 1,3,1,7
1301 - 1301 1,3,1,7
1302 - 1302 1,3,1,7
1303 - 1303 6,3,1,7
1304 - 1304 1,6,1,7
1305 - 1305 5,6,1,7
1306 - 1306 4,6,1,7
1307 - 1307 0,6,1,7
1308 - 1308 1,6,1,7
1309 - 1309 1,6,1,7
1310 - 1310 1,6,1,7
1311 - 1311 6,6,1,7
1312 - 1312 5,4,1,7
1313 - 1313 5,4,1,7
1314 - 1314 3,4,1,7
1315 - 1315 6,4,1,7
1316 - 1316 0,4,1,7
1317 - 1317 2,4,1,7
1318 - 1318 1,4,1,7
1319 - 1319 6,4,1,7
1320 - 1320 1,2,1,7
1321 - 1321 5,2,1,7
1322 - 1322 2,2,1,7
1323 - 1323 4,2,1,7
1324 - 1324 0,2,1,7
1325 - 1325 2,2,1,7
1326 - 1326 1,2,1,7
1327 - 1327 6,2,1,7
1328 - 1328 5,2,1,7
1329 - 1329 5,2,1,7
1330 - 1330 1,2,1,7
1331 - 1331 2,2,1,7
1332 - 1332 0,2,1,7
1333 - 1333 3,2,1,7
1334 - 1334 1,2,1,7
1335 - 1335 6,2,1,7
1336 - 1336 1,0,1,7
1337 - 1337 5,0,1,7
1338 - 1338 0,0,1,7
1339 - 1339 0,0,1,7
1340 - 1340 0,0,1,7
1341 - 1341 3,0,1,7
1342 - 1342 1,0,1,7
1343 - 1343 6,0,1,7
1344 - 1344 5,1,1,7
1345 - 1345 5,1,1,7
1346 - 1346 7,1,1,7
1347 - 1347 6,1,1,7
1348 - 1348 3,1,1,7
1349 - 1349 4,1,1,7
1350 - 1350 1,1,1,7
1351 - 1351 7,1,1,7
1352 - 1352 1,5,1,7
1353 - 1353 5,5,1,7
1354 - 1354 6,5,1,7
1355 - 1355 4,5,1,7
1356 - 1356 3,5,1,7
1357 - 1357 4,5,1,7
1358 - 1358 1,5,1,7
1359 - 1359 7,5,1,7
1360 - 1360 5,2,1,7
1361 - 1361 5,2,1,7
1362 - 1362 5,2,1,7
1363 - 1363 2,2,1,7
1364 - 1364 3,2,1,7
1365 - 1365 5,2,1,7
1366 - 1366 1,2,1,7
1367 - 1367 7,2,1,7
1368 - 1368 1,4,1,7
1369 - 1369 5,4,1,7
1370 - 1370 4,4,1,7
1371 - 1371 0,4,1,7
1372 - 1372 3,4,1,7
1373 - 1373 5,4,1,7
1374 - 1374 1,4,1,7
1375 - 1375 7,4,1,7
1376 - 1376 5,4,1,7
1377 - 1377 5,4,1,7
1378 - 1378 3,4,1,7
1379 - 1379 6,4,1,7
1380 - 1380 2,4,1,7
1381 - 1381 6,4,1,7
1382 - 1382 1,4,1,7
1383 - 1383 7,4,1,7
1384 - 1384 1,2,1,7
1385 - 1385 5,2,1,7
1386 - 1386 2,2,1,7
1387 - 1387 4,2,1,7
1388 - 1388 2,2,1,7
1389 - 1389 6,2,1,7
1390 - 1390 1,2,1,7
1391 - 1391 7,2,1,7
1392 - 1392 5,2,1,7
1393 - 1393 5,2,1,7
1394 - 1394 1,2,1,7
1395 - 1395 2,2,1,7
1396 - 1396 2,2,1,7
1397 - 1397 7,2,1,7
1398 - 1398 1,2,1,7
1399 - 1399 7,2,1,7
1400 - 1400 1,0,1,7
1401 - 1401 5,0,1,7
1402 - 1402 0,0,1,7
1403 - 1403 0,0,1,7
1404 - 1404 2,0,1,7
1405 - 1405 7,0,1,7
1406 - 1406 1,0,1,7
1407 - 1407 7,0,1,7
1408 - 1408 5,5,3,7
1409 - 1409 5,5,3,7
1410 - 1410 7,5,3,7
1411 - 1411 6,5,3,7
1412 - 1412 5,5,3,7
1413 - 1413 0,5,3,7
1414 - 1414 0,5,3,7
1415 - 1415 4,5,3,7
1416 - 1416 1,5,3,7
1417 - 1417 5,5,3,7
1418 - 1418 6,5,3,7
1419 - 1419 4,5,3,7
1420 - 1420 5,5,3,7
1421 - 1421 0,5,3,7
1422 - 1422 0,5,3,7
1423 - 1423 4,5,3,7
1424 - 1424 5,1,3,7
1425 - 1425 5,1,3,7
1426 - 1426 5,1,3,7
1427 - 1427 2,1,3,7
1428 - 1428 5,1,3,7
1429 - 1429 1,1,3,7
1430 - 1430 0,1,3,7
1431 - 1431 4,1,3,7
1432 - 1432 1,2,3,7
1433 - 1433 5,2,3,7
1434 - 1434 4,2,3,7
1435 - 1435 0,2,3,7
1436 - 1436 5,2,3,7
1437 - 1437 1,2,3,7
1438 - 1438 0,2,3,7
1439 - 1439 4,2,3,7
1440 - 1440 5,4,3,7
1441 - 1441 5,4,3,7
1442 - 1442 3,4,3,7
1443 - 1443 6,4,3,7
1444 - 1444 4,4,3,7
1445 - 1445 2,4,3,7
1446 - 1446 0,4,3,7
1447 - 1447 4,4,3,7
1448 - 1448 1,3,3,7
1449 - 1449 5,3,3,7
1450 - 1450 2,3,3,7
1451 - 1451 4,3,3,7
1452 - 1452 4,3,3,7
1453 - 1453 2,3,3,7
1454 - 1454 0,3,3,7
1455 - 1455 4,3,3,7
1456 - 1456 5,2,3,7
1457 - 1457 5,2,3,7
1458 - 1458 1,2,3,7
1459 - 1459 2,2,3,7
1460 - 1460 4,2,3,7
1461 - 1461 3,2,3,7
1462 - 1462 0,2,3,7
1463 - 1463 4,2,3,7
1464 - 1464 1,0,3,7
1465 - 1465 5,0,3,7
1466 - 1466 0,0,3,7
1467 - 1467 0,0,3,7
1468 - 1468 4,0,3,7
1469 - 1469 3,0,3,7
1470 - 1470 0,0,3,7
1471 - 1471 4,0,3,7
1472 - 1472 5,1,2,7
1473 - 1473 5,1,2,7
1474 - 1474 7,1,2,7
1475 - 1475 6,1,2,7
1476 - 1476 7,1,2,7
1477 - 1477 4,1,2,7
1478 - 1478 0,1,2,7
1479 - 1479 5,1,2,7
1480 - 1480 1,5,2,7
1481 - 1481 5,5,2,7
1482 - 1482 6,5,2,7
1483 - 1483 4,5,2,7
1484 - 1484 7,5,2,7
1485 - 1485 4,5,2,7
1486 - 1486 0,5,2,7
1487 - 1487 5,5,2,7
1488 - 1488 5,0,2,7
1489 - 1489 5,0,2,7
1490 - 1490 5,0,2,7
1491 - 1491 2,0,2,7
1492 - 1492 7,0,2,7
1493 - 1493 5,0,2,7
1494 - 1494 0,0,2,7
1495 - 1495 5,0,2,7
1496 - 1496 1,0,2,7
1497 - 1497 5,0,2,7
1498 - 1498 4,0,2,7
1499 - 1499 0,0,2,7
1500 - 1500 7,0,2,7
1501 - 1501 5,0,2,7
1502 - 1502 0,0,2,7
1503 - 1503 5,0,2,7
1504 - 1504 5,4,2,7
1505 - 1505 5,4,2,7
1506 - 1506 3,4,2,7
1507 - 1507 6,4,2,7
1508 - 1508 6,4,2,7
1509 - 1509 6,4,2,7
1510 - 1510 0,4,2,7
1511 - 1511 5,4,2,7
1512 - 1512 1,3,2,7
1513 - 1513 5,3,2,7
1514 - 1514 2,3,2,7
1515 - 1515 4,3,2,7
1516 - 1516 6,3,2,7
1517 - 1517 6,3,2,7
1518 - 1518 0,3,2,7
1519 - 1519 5,3,2,7
1520 - 1520 5,2,2,7
1521 - 1521 5,2,2,7
1522 - 1522 1,2,2,7
1523 - 1523 2,2,2,7
1524 - 1524 6,2,2,7
1525 - 1525 7,2,2,7
1526 - 1526 0,2,2,7
1527 - 1527 5,2,2,7
1528 - 1528 1,0,2,7
1529 - 1529 5,0,2,7
1530 - 1530 0,0,2,7
1531 - 1531 0,0,2,7
1532 - 1532 6,0,2,7
1533 - 1533 7,0,2,7
1534 - 1534 0,0,2,7
1535 - 1535 5,0,2,7
1536 - 1536 5,5,1,6
1537 - 1537 5,5,1,6
1538 - 1538 7,5,1,6
1539 - 1539 6,5,1,6
1540 - 1540 1,5,1,6
1541 - 1541 0,5,1,6
1542 - 1542 7,5,1,6
1543 - 1543 2,5,1,6
1544 - 1544 1,5,1,6
1545 - 1545 5,5,1,6
1546 - 1546 6,5,1,6
1547 - 1547 4,5,1,6
1548 - 1548 1,5,1,6
1549 - 1549 0,5,1,6
1550 - 1550 7,5,1,6
1551 - 1551 2,5,1,6
1552 - 1552 5,7,1,6
1553 - 1553 5,7,1,6
1554 - 1554 5,7,1,6
1555 - 1555 2,7,1,6
1556 - 1556 1,7,1,6
1557 - 1557 1,7,1,6
1558 - 1558 7,7,1,6
1559 - 1559 2,7,1,6
1560 - 1560 1,6,1,6
1561 - 1561 5,6,1,6
1562 - 1562 4,6,1,6
1563 - 1563 0,6,1,6
1564 - 1564 1,6,1,6
1565 - 1565 1,6,1,6
1566 - 1566 7,6,1,6
1567 - 1567 2,6,1,6
1568 - 1568 5,7,1,6
1569 - 1569 5,7,1,6
1570 - 1570 3,7,1,6
1571 - 1571 6,7,1,6
1572 - 1572 0,7,1,6
1573 - 1573 2,7,1,6
1574 - 1574 7,7,1,6
1575 - 1575 2,7,1,6
1576 - 1576 1,4,1,6
1577 - 1577 5,4,1,6
1578 - 1578 2,4,1,6
1579 - 1579 4,4,1,6
1580 - 1580 0,4,1,6
1581 - 1581 2,4,1,6
1582 - 1582 7,4,1,6
1583 - 1583 2,4,1,6
1584 - 1584 5,2,1,6
1585 - 1585 5,2,1,6
1586 - 1586 1,2,1,6
1587 - 1587 2,2,1,6
1588 - 1588 0,2,1,6
1589 - 1589 3,2,1,6
1590 - 1590 7,2,1,6
1591 - 1591 2,2,1,6
1592 - 1592 1,1,1,6
1593 - 1593 5,1,1,6
1594 - 1594 0,1,1,6
1595 - 1595 0,1,1,6
1596 - 1596 0,1,1,6
1597 - 1597 3,1,1,6
1598 - 1598 7,1,1,6
1599 - 1599 2,1,1,6
1600 - 1600 5,1,5,6
1601 - 1601 5,1,5,6
1602 - 1602 7,1,5,6
1603 - 1603 6,1,5,6
1604 - 1604 3,1,5,6
1605 - 1605 4,1,5,6
1606 - 1606 7,1,5,6
1607 - 1607 3,1,5,6
1608 - 1608 1,5,5,6
1609 - 1609 5,5,5,6
1610 - 1610 6,5,5,6
1611 - 1611 4,5,5,6
1612 - 1612 3,5,5,6
1613 - 1613 4,5,5,6
1614 - 1614 7,5,5,6
1615 - 1615 3,5,5,6
1616 - 1616 5,6,5,6
1617 - 1617 5,6,5,6
1618 - 1618 5,6,5,6
1619 - 1619 2,6,5,6
1620 - 1620 3,6,5,6
1621 - 1621 5,6,5,6
1622 - 1622 7,6,5,6
1623 - 1623 3,6,5,6
1624 - 1624 1,4,5,6
1625 - 1625 5,4,5,6
1626 - 1626 4,4,5,6
1627 - 1627 0,4,5,6
1628 - 1628 3,4,5,6
1629 - 1629 5,4,5,6
1630 - 1630 7,4,5,6
1631 - 1631 3,4,5,6
1632 - 1632 5,7,5,6
1633 - 1633 5,7,5,6
1634 - 1634 3,7,5,6
1635 - 1635 6,7,5,6
1636 - 1636 2,7,5,6
1637 - 1637 6,7,5,6
1638 - 1638 7,7,5,6
1639 - 1639 3,7,5,6
1640 - 1640 1,4,5,6
1641 - 1641 5,4,5,6
1642 - 1642 2,4,5,6
1643 - 1643 4,4,5,6
1644 - 1644 2,4,5,6
1645 - 1645 6,4,5,6
1646 - 1646 7,4,5,6
1647 - 1647 3,4,5,6
1648 - 1648 5,2,5,6
1649 - 1649 5,2,5,6
1650 - 1650 1,2,5,6
1651 - 1651 2,2,5,6
1652 - 1652 2,2,5,6
1653 - 1653 7,2,5,6
1654 - 1654 7,2,5,6
1655 - 1655 3,2,5,6
1656 - 1656 1,1,5,6
1657 - 1657 5,1,5,6
1658 - 1658 0,1,5,6
1659 - 1659 0,1,5,6
1660 - 1660 2,1,5,6
1661 - 1661 7,1,5,6
1662 - 1662 7,1,5,6
1663 - 1663 3,1,5,6
1664 - 1664 5,5,4,6
1665 - 1665 5,5,4,6
1666 - 1666 7,5,4,6
1667 - 1667 6,5,4,6
1668 - 1668 5,5,4,6
1669 - 1669 0,5,4,6
1670 - 1670 6,5,4,6
1671 - 1671 0,5,4,6
1672 - 1672 1,5,4,6
1673 - 1673 5,5,4,6
1674 - 1674 6,5,4,6
1675 - 1675 4,5,4,6
1676 - 1676 5,5,4,6
1677 - 1677 0,5,4,6
1678 - 1678 6,5,4,6
1679 - 1679 0,5,4,6
1680 - 1680 5,5,4,6
1681 - 1681 5,5,4,6
1682 - 1682 5,5,4,6
1683 - 1683 2,5,4,6
1684 - 1684 5,5,4,6
1685 - 1685 1,5,4,6
1686 - 1686 6,5,4,6
1687 - 1687 0,5,4,6
1688 - 1688 1,2,4,6
1689 - 1689 5,2,4,6
1690 - 1690 4,2,4,6
1691 - 1691 0,2,4,6
1692 - 1692 5,2,4,6
1693 - 1693 1,2,4,6
1694 - 1694 6,2,4,6
1695 - 1695 0,2,4,6
1696 - 1696 5,7,4,6
1697 - 1697 5,7,4,6
1698 - 1698 3,7,4,6
1699 - 1699 6,7,4,6
1700 - 1700 4,7,4,6
1701 - 1701 2,7,4,6
1702 - 1702 6,7,4,6
1703 - 1703 0,7,4,6
1704 - 1704 1,5,4,6
1705 - 1705 5,5,4,6
1706 - 1706 2,5,4,6
1707 - 1707 4,5,4,6
1708 - 1708 4,5,4,6
1709 - 1709 2,5,4,6
1710 - 1710 6,5,4,6
1711 - 1711 0,5,4,6
1712 - 1712 5,2,4,6
1713 - 1713 5,2,4,6
1714 - 1714 1,2,4,6
1715 - 1715 2,2,4,6
1716 - 1716 4,2,4,6
1717 - 1717 3,2,4,6
1718 - 1718 6,2,4,6
1719 - 1719 0,2,4,6
1720 - 1720 1,1,4,6
1721 - 1721 5,1,4,6
1722 - 1722 0,1,4,6
1723 - 1723 0,1,4,6
1724 - 1724 4,1,4,6
1725 - 1725 3,1,4,6
1726 - 1726 6,1,4,6
1727 - 1727 0,1,4,6
1728 - 1728 5,1,0,6
1729 - 1729 5,1,0,6
1730 - 1730 7,1,0,6
1731 - 1731 6,1,0,6
1732 - 1732 7,1,0,6
1733 - 1733 4,1,0,6
1734 - 1734 6,1,0,6
1735 - 1735 1,1,0,6
1736 - 1736 1,5,0,6
1737 - 1737 5,5,0,6
1738 - 1738 6,5,0,6
1739 - 1739 4,5,0,6
1740 - 1740 7,5,0,6
1741 - 1741 4,5,0,6
1742 - 1742 6,5,0,6
1743 - 1743 1,5,0,6
1744 - 1744 5,4,0,6
1745 - 1745 5,4,0,6
1746 - 1746 5,4,0,6
1747 - 1747 2,4,0,6
1748 - 1748 7,4,0,6
1749 - 1749 5,4,0,6
1750 - 1750 6,4,0,6
1751 - 1751 1,4,0,6
1752 - 1752 1,0,0,6
1753 - 1753 5,0,0,6
1754 - 1754 4,0,0,6
1755 - 1755 0,0,0,6
1756 - 1756 7,0,0,6
1757 - 1757 5,0,0,6
1758 - 1758 6,0,0,6
1759 - 1759 1,0,0,6
1760 - 1760 5,7,0,6
1761 - 1761 5,7,0,6
1762 - 1762 3,7,0,6
1763 - 1763 6,7,0,6
1764 - 1764 6,7,0,6
1765 - 1765 6,7,0,6
1766 - 1766 6,7,0,6
1767 - 1767 1,7,0,6
1768 - 1768 1,5,0,6
1769 - 1769 5,5,0,6
1770 - 1770 2,5,0,6
1771 - 1771 4,5,0,6
1772 - 1772 6,5,0,6
1773 - 1773 6,5,0,6
1774 - 1774 6,5,0,6
1775 - 1775 1,5,0,6
1776 - 1776 5,2,0,6
1777 - 1777 5,2,0,6
1778 - 1778 1,2,0,6
1779 - 1779 2,2,0,6
1780 - 1780 6,2,0,6
1781 - 1781 7,2,0,6
1782 - 1782 6,2,0,6
1783 - 1783 1,2,0,6
1784 - 1784 1,1,0,6
1785 - 1785 5,1,0,6
1786 - 1786 0,1,0,6
1787 - 1787 0,1,0,6
1788 - 1788 6,1,0,6
1789 - 1789 7,1,0,6
1790 - 1790 6,1,0,6
1791 - 1791 1,1,0,6
1792 - 1792 5,5,1,6
1793 - 1793 5,5,1,6
1794 - 1794 7,5,1,6
1795 - 1795 6,5,1,6
1796 - 1796 1,5,1,6
1797 - 1797 0,5,1,6
1798 - 1798 5,5,1,6
1799 - 1799 6,5,1,6
1800 - 1800 1,5,1,6
1801 - 1801 5,5,1,6
1802 - 1802 6,5,1,6
1803 - 1803 4,5,1,6
1804 - 1804 1,5,1,6
1805 - 1805 0,5,1,6
1806 - 1806 5,5,1,6
1807 - 1807 6,5,1,6
1808 - 1808 5,3,1,6
1809 - 1809 5,3,1,6
1810 - 1810 5,3,1,6
1811 - 1811 2,3,1,6
1812 - 1812 1,3,1,6
1813 - 1813 1,3,1,6
1814 - 1814 5,3,1,6
1815 - 1815 6,3,1,6
1816 - 1816 1,6,1,6
1817 - 1817 5,6,1,6
1818 - 1818 4,6,1,6
1819 - 1819 0,6,1,6
1820 - 1820 1,6,1,6
1821 - 1821 1,6,1,6
1822 - 1822 5,6,1,6
1823 - 1823 6,6,1,6
1824 - 1824 5,6,1,6
1825 - 1825 5,6,1,6
1826 - 1826 3,6,1,6
1827 - 1827 6,6,1,6
1828 - 1828 0,6,1,6
1829 - 1829 2,6,1,6
1830 - 1830 5,6,1,6
1831 - 1831 6,6,1,6
1832 - 1832 1,6,1,6
1833 - 1833 5,6,1,6
1834 - 1834 2,6,1,6
1835 - 1835 4,6,1,6
1836 - 1836 0,6,1,6
1837 - 1837 2,6,1,6
1838 - 1838 5,6,1,6
1839 - 1839 6,6,1,6
1840 - 1840 5,2,1,6
1841 - 1841 5,2,1,6
1842 - 1842 1,2,1,6
1843 - 1843 2,2,1,6
1844 - 1844 0,2,1,6
1845 - 1845 3,2,1,6
1846 - 1846 5,2,1,6
1847 - 1847 6,2,1,6
1848 - 1848 1,1,1,6
1849 - 1849 5,1,1,6
1850 - 1850 0,1,1,6
1851 - 1851 0,1,1,6
1852 - 1852 0,1,1,6
1853 - 1853 3,1,1,6
1854 - 1854 5,1,1,6
1855 - 1855 6,1,1,6
1856 - 1856 5,1,1,6
1857 - 1857 5,1,1,6
1858 - 1858 7,1,1,6
1859 - 1859 6,1,1,6
1860 - 1860 3,1,1,6
1861 - 1861 4,1,1,6
1862 - 1862 5,1,1,6
1863 - 1863 7,1,1,6
1864 - 1864 1,5,1,6
1865 - 1865 5,5,1,6
1866 - 1866 6,5,1,6
1867 - 1867 4,5,1,6
1868 - 1868 3,5,1,6
1869 - 1869 4,5,1,6
1870 - 1870 5,5,1,6
1871 - 1871 7,5,1,6
1872 - 1872 5,2,1,6
1873 - 1873 5,2,1,6
1874 - 1874 5,2,1,6
1875 - 1875 2,2,1,6
1876 - 1876 3,2,1,6
1877 - 1877 5,2,1,6
1878 - 1878 5,2,1,6
1879 - 1879 7,2,1,6
1880 - 1880 1,4,1,6
1881 - 1881 5,4,1,6
1882 - 1882 4,4,1,6
1883 - 1883 0,4,1,6
1884 - 1884 3,4,1,6
1885 - 1885 5,4,1,6
1886 - 1886 5,4,1,6
1887 - 1887 7,4,1,6
1888 - 1888 5,6,1,6
1889 - 1889 5,6,1,6
1890 - 1890 3,6,1,6
1891 - 1891 6,6,1,6
1892 - 1892 2,6,1,6
1893 - 1893 6,6,1,6
1894 - 1894 5,6,1,6
1895 - 1895 7,6,1,6
1896 - 1896 1,6,1,6
1897 - 1897 5,6,1,6
1898 - 1898 2,6,1,6
1899 - 1899 4,6,1,6
1900 - 1900 2,6,1,6
1901 - 1901 6,6,1,6
1902 - 1902 5,6,1,6
1903 - 1903 7,6,1,6
1904 - 1904 5,2,1,6
1905 - 1905 5,2,1,6
1906 - 1906 1,2,1,6
1907 - 1907 2,2,1,6
1908 - 1908 2,2,1,6
1909 - 1909 7,2,1,6
1910 - 1910 5,2,1,6
1911 - 1911 7,2,1,6
1912 - 1912 1,1,1,6
1913 - 1913 5,1,1,6
1914 - 1914 0,1,1,6
1915 - 1915 0,1,1,6
1916 - 1916 2,1,1,6
1917 - 1917 7,1,1,6
1918 - 1918 5,1,1,6
1919 - 1919 7,1,1,6
1920 - 1920 5,5,3,6
1921 - 1921 5,5,3,6
1922 - 1922 7,5,3,6
1923 - 1923 6,5,3,6
1924 - 1924 5,5,3,6
1925 - 1925 0,5,3,6
1926 - 1926 4,5,3,6
1927 - 1927 4,5,3,6
1928 - 1928 1,5,3,6
1929 - 1929 5,5,3,6
1930 - 1930 6,5,3,6
1931 - 1931 4,5,3,6
1932 - 1932 5,5,3,6
1933 - 1933 0,5,3,6
1934 - 1934 4,5,3,6
1935 - 1935 4,5,3,6
1936 - 1936 5,1,3,6
1937 - 1937 5,1,3,6
1938 - 1938 5,1,3,6
1939 - 1939 2,1,3,6
1940 - 1940 5,1,3,6
1941 - 1941 1,1,3,6
1942 - 1942 4,1,3,6
1943 - 1943 4,1,3,6
1944 - 1944 1,2,3,6
1945 - 1945 5,2,3,6
1946 - 1946 4,2,3,6
1947 - 1947 0,2,3,6
1948 - 1948 5,2,3,6
1949 - 1949 1,2,3,6
1950 - 1950 4,2,3,6
1951 - 1951 4,2,3,6
1952 - 1952 5,6,3,6
1953 - 1953 5,6,3,6
1954 - 1954 3,6,3,6
1955 - 1955 6,6,3,6
1956 - 1956 4,6,3,6
1957 - 1957 2,6,3,6
1958 - 1958 4,6,3,6
1959 - 1959 4,6,3,6
1960 - 1960 1,7,3,6
1961 - 1961 5,7,3,6
1962 - 1962 2,7,3,6
1963 - 1963 4,7,3,6
1964 - 1964 4,7,3,6
1965 - 1965 2,7,3,6
1966 - 1966 4,7,3,6
1967 - 1967 4,7,3,6
1968 - 1968 5,2,3,6
1969 - 1969 5,2,3,6
1970 - 1970 1,2,3,6
1971 - 1971 2,2,3,6
1972 - 1972 4,2,3,6
1973 - 1973 3,2,3,6
1974 - 1974 4,2,3,6
1975 - 1975 4,2,3,6
1976 - 1976 1,1,3,6
1977 - 1977 5,1,3,6
1978 - 1978 0,1,3,6
1979 - 1979 0,1,3,6
1980 - 1980 4,1,3,6
1981 - 1981 3,1,3,6
1982 - 1982 4,1,3,6
1983 - 1983 4,1,3,6
1984 - 1984 5,1,2,6
1985 - 1985 5,1,2,6
1986 - 1986 7,1,2,6
1987 - 1987 6,1,2,6
1988 - 1988 7,1,2,6
1989 - 1989 4,1,2,6
1990 - 1990 4,1,2,6
1991 - 1991 5,1,2,6
1992 - 1992 1,5,2,6
1993 - 1993 5,5,2,6
1994 - 1994 6,5,2,6
1995 - 1995 4,5,2,6
1996 - 1996 7,5,2,6
1997 - 1997 4,5,2,6
1998 - 1998 4,5,2,6
1999 - 1999 5,5,2,6
2000 - 2000 5,0,2,6
2001 - 2001 5,0,2,6
2002 - 2002 5,0,2,6
2003 - 2003 2,0,2,6
2004 - 2004 7,0,2,6
2005 - 2005 5,0,2,6
2006 - 2006 4,0,2,6
2007 - 2007 5,0,2,6
2008 - 2008 1,0,2,6
2009 - 2009 5,0,2,6
2010 - 2010 4,0,2,6
2011 - 2011 0,0,2,6
2012 - 2012 7,0,2,6
2013 - 2013 5,0,2,6
2014 - 2014 4,0,2,6
2015 - 2015 5,0,2,6
2016 - 2016 5,6,2,6
2017 - 2017 5,6,2,6
2018 - 2018 3,6,2,6
2019 - 2019 6,6,2,6
2020 - 2020 6,6,2,6
2021 - 2021 6,6,2,6
2022 - 2022 4,6,2,6
2023 - 2023 5,6,2,6
2024 - 2024 1,7,2,6
2025 - 2025 5,7,2,6
2026 - 2026 2,7,2,6
2027 - 2027 4,7,2,6
2028 - 2028 6,7,2,6
2029 - 2029 6,7,2,6
2030 - 2030 4,7,2,6
2031 - 2031 5,7,2,6
2032 - 2032 5,2,2,6
2033 - 2033 5,2,2,6
2034 - 2034 1,2,2,6
2035 - 2035 2,2,2,6
2036 - 2036 6,2,2,6
2037 - 2037 7,2,2,6
2038 - 2038 4,2,2,6
2039 - 2039 5,2,2,6
2040 - 2040 1,1,2,6
2041 - 2041 5,1,2,6
2042 - 2042 0,1,2,6
2043 - 2043 0,1,2,6
2044 - 2044 6,1,2,6
2045 - 2045 7,1,2,6
2046 - 2046 4,1,2,6
2047 - 2047 5,1,2,6
2048 - 2048 5,5,5,1
2049 - 2049 5,5,5,1
2050 - 2050 7,5,5,1
2051 - 2051 6,5,5,1
2052 - 2052 1,5,5,1
2053 - 2053 0,5,5,1
2054 - 2054 3,5,5,1
2055 - 2055 2,5,5,1
2056 - 2056 1,5,5,1
2057 - 2057 5,5,5,1
2058 - 2058 6,5,5,1
2059 - 2059 4,5,5,1
2060 - 2060 1,5,5,1
2061 - 2061 0,5,5,1
2062 - 2062 3,5,5,1
2063 - 2063 2,5,5,1
2064 - 2064 5,7,5,1
2065 - 2065 5,7,5,1
2066 - 2066 5,7,5,1
2067 - 2067 2,7,5,1
2068 - 2068 1,7,5,1
2069 - 2069 1,7,5,1
2070 - 2070 3,7,5,1
2071 - 2071 2,7,5,1
2072 - 2072 1,6,5,1
2073 - 2073 5,6,5,1
2074 - 2074 4,6,5,1
2075 - 2075 0,6,5,1
2076 - 2076 1,6,5,1
2077 - 2077 1,6,5,1
2078 - 2078 3,6,5,1
2079 - 2079 2,6,5,1
2080 - 2080 5,1,5,1
2081 - 2081 5,1,5,1
2082 - 2082 3,1,5,1
2083 - 2083 6,1,5,1
2084 - 2084 0,1,5,1
2085 - 2085 2,1,5,1
2086 - 2086 3,1,5,1
2087 - 2087 2,1,5,1
2088 - 2088 1,0,5,1
2089 - 2089 5,0,5,1
2090 - 2090 2,0,5,1
2091 - 2091 4,0,5,1
2092 - 2092 0,0,5,1
2093 - 2093 2,0,5,1
2094 - 2094 3,0,5,1
2095 - 2095 2,0,5,1
2096 - 2096 5,1,5,1
2097 - 2097 5,1,5,1
2098 - 2098 1,1,5,1
2099 - 2099 2,1,5,1
2100 - 2100 0,1,5,1
2101 - 2101 3,1,5,1
2102 - 2102 3,1,5,1
2103 - 2103 2,1,5,1
2104 - 2104 1,6,5,1
2105 - 2105 5,6,5,1
2106 - 2106 0,6,5,1
2107 - 2107 0,6,5,1
2108 - 2108 0,6,5,1
2109 - 2109 3,6,5,1
2110 - 2110 3,6,5,1
2111 - 2111 2,6,5,1
2112 - 2112 5,1,5,1
2113 - 2113 5,1,5,1
2114 - 2114 7,1,5,1
2115 - 2115 6,1,5,1
2116 - 2116 3,1,5,1
2117 - 2117 4,1,5,1
2118 - 2118 3,1,5,1
2119 - 2119 3,1,5,1
2120 - 2120 1,5,5,1
2121 - 2121 5,5,5,1
2122 - 2122 6,5,5,1
2123 - 2123 4,5,5,1
2124 - 2124 3,5,5,1
2125 - 2125 4,5,5,1
2126 - 2126 3,5,5,1
2127 - 2127 3,5,5,1
2128 - 2128 5,6,5,1
2129 - 2129 5,6,5,1
2130 - 2130 5,6,5,1
2131 - 2131 2,6,5,1
2132 - 2132 3,6,5,1
2133 - 2133 5,6,5,1
2134 - 2134 3,6,5,1
2135 - 2135 3,6,5,1
2136 - 2136 1,4,5,1
2137 - 2137 5,4,5,1
2138 - 2138 4,4,5,1
2139 - 2139 0,4,5,1
2140 - 2140 3,4,5,1
2141 - 2141 5,4,5,1
2142 - 2142 3,4,5,1
2143 - 2143 3,4,5,1
2144 - 2144 5,1,5,1
2145 - 2145 5,1,5,1
2146 - 2146 3,1,5,1
2147 - 2147 6,1,5,1
2148 - 2148 2,1,5,1
2149 - 2149 6,1,5,1
2150 - 2150 3,1,5,1
2151 - 2151 3,1,5,1
2152 - 2152 1,0,5,1
2153 - 2153 5,0,5,1
2154 - 2154 2,0,5,1
2155 - 2155 4,0,5,1
2156 - 2156 2,0,5,1
2157 - 2157 6,0,5,1
2158 - 2158 3,0,5,1
2159 - 2159 3,0,5,1
2160 - 2160 5,1,5,1
2161 - 2161 5,1,5,1
2162 - 2162 1,1,5,1
2163 - 2163 2,1,5,1
2164 - 2164 2,1,5,1
2165 - 2165 7,1,5,1
2166 - 2166 3,1,5,1
2167 - 2167 3,1,5,1
2168 - 2168 1,6,5,1
2169 - 2169 5,6,5,1
2170 - 2170 0,6,5,1
2171 - 2171 0,6,5,1
2172 - 2172 2,6,5,1
2173 - 2173 7,6,5,1
2174 - 2174 3,6,5,1
2175 - 2175 3,6,5,1
2176 - 2176 5,5,3,1
2177 - 2177 5,5,3,1
2178 - 2178 7,5,3,1
2179 - 2179 6,5,3,1
2180 - 2180 5,5,3,1
2181 - 2181 0,5,3,1
2182 - 2182 2,5,3,1
2183 - 2183 0,5,3,1
2184 - 2184 1,5,3,1
2185 - 2185 5,5,3,1
2186 - 2186 6,5,3,1
2187 - 2187 4,5,3,1
2188 - 2188 5,5,3,1
2189 - 2189 0,5,3,1
2190 - 2190 2,5,3,1
2191 - 2191 0,5,3,1
2192 - 2192 5,5,3,1
2193 - 2193 5,5,3,1
2194 - 2194 5,5,3,1
2195 - 2195 2,5,3,1
2196 - 2196 5,5,3,1
2197 - 2197 1,5,3,1
2198 - 2198 2,5,3,1
2199 - 2199 0,5,3,1
2200 - 2200 1,2,3,1
2201 - 2201 5,2,3,1
2202 - 2202 4,2,3,1
2203 - 2203 0,2,3,1
2204 - 2204 5,2,3,1
2205 - 2205 1,2,3,1
2206 - 2206 2,2,3,1
2207 - 2207 0,2,3,1
2208 - 2208 5,1,3,1
2209 - 2209 5,1,3,1
2210 - 2210 3,1,3,1
2211 - 2211 6,1,3,1
2212 - 2212 4,1,3,1
2213 - 2213 2,1,3,1
2214 - 2214 2,1,3,1
2215 - 2215 0,1,3,1
2216 - 2216 1,1,3,1
2217 - 2217 5,1,3,1
2218 - 2218 2,1,3,1
2219 - 2219 4,1,3,1
2220 - 2220 4,1,3,1
2221 - 2221 2,1,3,1
2222 - 2222 2,1,3,1
2223 - 2223 0,1,3,1
2224 - 2224 5,1,3,1
2225 - 2225 5,1,3,1
2226 - 2226 1,1,3,1
2227 - 2227 2,1,3,1
2228 - 2228 4,1,3,1
2229 - 2229 3,1,3,1
2230 - 2230 2,1,3,1
2231 - 2231 0,1,3,1
2232 - 2232 1,6,3,1
2233 - 2233 5,6,3,1
2234 - 2234 0,6,3,1
2235 - 2235 0,6,3,1
2236 - 2236 4,6,3,1
2237 - 2237 3,6,3,1
2238 - 2238 2,6,3,1
2239 - 2239 0,6,3,1
2240 - 2240 5,1,6,1
2241 - 2241 5,1,6,1
2242 - 2242 7,1,6,1
2243 - 2243 6,1,6,1
2244 - 2244 7,1,6,1
2245 - 2245 4,1,6,1
2246 - 2246 2,1,6,1
2247 - 2247 1,1,6,1
2248 - 2248 1,5,6,1
2249 - 2249 5,5,6,1
2250 - 2250 6,5,6,1
2251 - 2251 4,5,6,1
2252 - 2252 7,5,6,1
2253 - 2253 4,5,6,1
2254 - 2254 2,5,6,1
2255 - 2255 1,5,6,1
2256 - 2256 5,4,6,1
2257 - 2257 5,4,6,1
2258 - 2258 5,4,6,1
2259 - 2259 2,4,6,1
2260 - 2260 7,4,6,1
2261 - 2261 5,4,6,1
2262 - 2262 2,4,6,1
2263 - 2263 1,4,6,1
2264 - 2264 1,0,6,1
2265 - 2265 5,0,6,1
2266 - 2266 4,0,6,1
2267 - 2267 0,0,6,1
2268 - 2268 7,0,6,1
2269 - 2269 5,0,6,1
2270 - 2270 2,0,6,1
2271 - 2271 1,0,6,1
2272 - 2272 5,1,6,1
2273 - 2273 5,1,6,1
2274 - 2274 3,1,6,1
2275 - 2275 6,1,6,1
2276 - 2276 6,1,6,1
2277 - 2277 6,1,6,1
2278 - 2278 2,1,6,1
2279 - 2279 1,1,6,1
2280 - 2280 1,1,6,1
2281 - 2281 5,1,6,1
2282 - 2282 2,1,6,1
2283 - 2283 4,1,6,1
2284 - 2284 6,1,6,1
2285 - 2285 6,1,6,1
2286 - 2286 2,1,6,1
2287 - 2287 1,1,6,1
2288 - 2288 5,1,6,1
2289 - 2289 5,1,6,1
2290 - 2290 1,1,6,1
2291 - 2291 2,1,6,1
2292 - 2292 6,1,6,1
2293 - 2293 7,1,6,1
2294 - 2294 2,1,6,1
2295 - 2295 1,1,6,1
2296 - 2296 1,6,6,1
2297 - 2297 5,6,6,1
2298 - 2298 0,6,6,1
2299 - 2299 0,6,6,1
2300 - 2300 6,6,6,1
2301 - 2301 7,6,6,1
2302 - 2302 2,6,6,1
2303 - 2303 1,6,6,1
2304 - 2304 5,5,0,1
2305 - 2305 5,5,0,1
2306 - 2306 7,5,0,1
2307 - 2307 6,5,0,1
2308 - 2308 1,5,0,1
2309 - 2309 0,5,0,1
2310 - 2310 1,5,0,1
2311 - 2311 6,5,0,1
2312 - 2312 1,5,0,1
2313 - 2313 5,5,0,1
2314 - 2314 6,5,0,1
2315 - 2315 4,5,0,1
2316 - 2316 1,5,0,1
2317 - 2317 0,5,0,1
2318 - 2318 1,5,0,1
2319 - 2319 6,5,0,1
2320 - 2320 5,3,0,1
2321 - 2321 5,3,0,1
2322 - 2322 5,3,0,1
2323 - 2323 2,3,0,1
2324 - 2324 1,3,0,1
2325 - 2325 1,3,0,1
2326 - 2326 1,3,0,1
2327 - 2327 6,3,0,1
2328 - 2328 1,6,0,1
2329 - 2329 5,6,0,1
2330 - 2330 4,6,0,1
2331 - 2331 0,6,0,1
2332 - 2332 1,6,0,1
2333 - 2333 1,6,0,1
2334 - 2334 1,6,0,1
2335 - 2335 6,6,0,1
2336 - 2336 5,0,0,1
2337 - 2337 5,0,0,1
2338 - 2338 3,0,0,1
2339 - 2339 6,0,0,1
2340 - 2340 0,0,0,1
2341 - 2341 2,0,0,1
2342 - 2342 1,0,0,1
2343 - 2343 6,0,0,1
2344 - 2344 1,2,0,1
2345 - 2345 5,2,0,1
2346 - 2346 2,2,0,1
2347 - 2347 4,2,0,1
2348 - 2348 0,2,0,1
2349 - 2349 2,2,0,1
2350 - 2350 1,2,0,1
2351 - 2351 6,2,0,1
2352 - 2352 5,1,0,1
2353 - 2353 5,1,0,1
2354 - 2354 1,1,0,1
2355 - 2355 2,1,0,1
2356 - 2356 0,1,0,1
2357 - 2357 3,1,0,1
2358 - 2358 1,1,0,1
2359 - 2359 6,1,0,1
2360 - 2360 1,6,0,1
2361 - 2361 5,6,0,1
2362 - 2362 0,6,0,1
2363 - 2363 0,6,0,1
2364 - 2364 0,6,0,1
2365 - 2365 3,6,0,1
2366 - 2366 1,6,0,1
2367 - 2367 6,6,0,1
2368 - 2368 5,1,2,1
2369 - 2369 5,1,2,1
2370 - 2370 7,1,2,1
2371 - 2371 6,1,2,1
2372 - 2372 3,1,2,1
2373 - 2373 4,1,2,1
2374 - 2374 1,1,2,1
2375 - 2375 7,1,2,1
2376 - 2376 1,5,2,1
2377 - 2377 5,5,2,1
2378 - 2378 6,5,2,1
2379 - 2379 4,5,2,1
2380 - 2380 3,5,2,1
2381 - 2381 4,5,2,1
2382 - 2382 1,5,2,1
2383 - 2383 7,5,2,1
2384 - 2384 5,2,2,1
2385 - 2385 5,2,2,1
2386 - 2386 5,2,2,1
2387 - 2387 2,2,2,1
2388 - 2388 3,2,2,1
2389 - 2389 5,2,2,1
2390 - 2390 1,2,2,1
2391 - 2391 7,2,2,1
2392 - 2392 1,4,2,1
2393 - 2393 5,4,2,1
2394 - 2394 4,4,2,1
2395 - 2395 0,4,2,1
2396 - 2396 3,4,2,1
2397 - 2397 5,4,2,1
2398 - 2398 1,4,2,1
2399 - 2399 7,4,2,1
2400 - 2400 5,0,2,1
2401 - 2401 5,0,2,1
2402 - 2402 3,0,2,1
2403 - 2403 6,0,2,1
2404 - 2404 2,0,2,1
2405 - 2405 6,0,2,1
2406 - 2406 1,0,2,1
2407 - 2407 7,0,2,1
2408 - 2408 1,2,2,1
2409 - 2409 5,2,2,1
2410 - 2410 2,2,2,1
2411 - 2411 4,2,2,1
2412 - 2412 2,2,2,1
2413 - 2413 6,2,2,1
2414 - 2414 1,2,2,1
2415 - 2415 7,2,2,1
2416 - 2416 5,1,2,1
2417 - 2417 5,1,2,1
2418 - 2418 1,1,2,1
2419 - 2419 2,1,2,1
2420 - 2420 2,1,2,1
2421 - 2421 7,1,2,1
2422 - 2422 1,1,2,1
2423 - 2423 7,1,2,1
2424 - 2424 1,6,2,1
2425 - 2425 5,6,2,1
2426 - 2426 0,6,2,1
2427 - 2427 0,6,2,1
2428 - 2428 2,6,2,1
2429 - 2429 7,6,2,1
2430 - 2430 1,6,2,1
2431 - 2431 7,6,2,1
2432 - 2432 5,5,3,1
2433 - 2433 5,5,3,1
2434 - 2434 7,5,3,1
2435 - 2435 6,5,3,1
2436 - 2436 5,5,3,1
2437 - 2437 0,5,3,1
2438 - 2438 0,5,3,1
2439 - 2439 4,5,3,1
2440 - 2440 1,5,3,1
2441 - 2441 5,5,3,1
2442 - 2442 6,5,3,1
2443 - 2443 4,5,3,1
2444 - 2444 5,5,3,1
2445 - 2445 0,5,3,1
2446 - 2446 0,5,3,1
2447 - 2447 4,5,3,1
2448 - 2448 5,1,3,1
2449 - 2449 5,1,3,1
2450 - 2450 5,1,3,1
2451 - 2451 2,1,3,1
2452 - 2452 5,1,3,1
2453 - 2453 1,1,3,1
2454 - 2454 0,1,3,1
2455 - 2455 4,1,3,1
2456 - 2456 1,2,3,1
2457 - 2457 5,2,3,1
2458 - 2458 4,2,3,1
2459 - 2459 0,2,3,1
2460 - 2460 5,2,3,1
2461 - 2461 1,2,3,1
2462 - 2462 0,2,3,1
2463 - 2463 4,2,3,1
2464 - 2464 5,0,3,1
2465 - 2465 5,0,3,1
2466 - 2466 3,0,3,1
2467 - 2467 6,0,3,1
2468 - 2468 4,0,3,1
2469 - 2469 2,0,3,1
2470 - 2470 0,0,3,1
2471 - 2471 4,0,3,1
2472 - 2472 1,3,3,1
2473 - 2473 5,3,3,1
2474 - 2474 2,3,3,1
2475 - 2475 4,3,3,1
2476 - 2476 4,3,3,1
2477 - 2477 2,3,3,1
2478 - 2478 0,3,3,1
2479 - 2479 4,3,3,1
2480 - 2480 5,1,3,1
2481 - 2481 5,1,3,1
2482 - 2482 1,1,3,1
2483 - 2483 2,1,3,1
2484 - 2484 4,1,3,1
2485 - 2485 3,1,3,1
2486 - 2486 0,1,3,1
2487 - 2487 4,1,3,1
2488 - 2488 1,6,3,1
2489 - 2489 5,6,3,1
2490 - 2490 0,6,3,1
2491 - 2491 0,6,3,1
2492 - 2492 4,6,3,1
2493 - 2493 3,6,3,1
2494 - 2494 0,6,3,1
2495 - 2495 4,6,3,1
2496 - 2496 5,1,2,1
2497 - 2497 5,1,2,1
2498 - 2498 7,1,2,1
2499 - 2499 6,1,2,1
2500 - 2500 7,1,2,1
2501 - 2501 4,1,2,1
2502 - 2502 0,1,2,1
2503 - 2503 5,1,2,1
2504 - 2504 1,5,2,1
2505 - 2505 5,5,2,1
2506 - 2506 6,5,2,1
2507 - 2507 4,5,2,1
2508 - 2508 7,5,2,1
2509 - 2509 4,5,2,1
2510 - 2510 0,5,2,1
2511 - 2511 5,5,2,1
2512 - 2512 5,0,2,1
2513 - 2513 5,0,2,1
2514 - 2514 5,0,2,1
2515 - 2515 2,0,2,1
2516 - 2516 7,0,2,1
2517 - 2517 5,0,2,1
2518 - 2518 0,0,2,1
2519 - 2519 5,0,2,1
2520 - 2520 1,0,2,1
2521 - 2521 5,0,2,1
2522 - 2522 4,0,2,1
2523 - 2523 0,0,2,1
2524 - 2524 7,0,2,1
2525 - 2525 5,0,2,1
2526 - 2526 0,0,2,1
2527 - 2527 5,0,2,1
2528 - 2528 5,0,2,1
2529 - 2529 5,0,2,1
2530 - 2530 3,0,2,1
2531 - 2531 6,0,2,1
2532 - 2532 6,0,2,1
2533 - 2533 6,0,2,1
2534 - 2534 0,0,2,1
2535 - 2535 5,0,2,1
2536 - 2536 1,3,2,1
2537 - 2537 5,3,2,1
2538 - 2538 2,3,2,1
2539 - 2539 4,3,2,1
2540 - 2540 6,3,2,1
2541 - 2541 6,3,2,1
2542 - 2542 0,3,2,1
2543 - 2543 5,3,2,1
2544 - 2544 5,1,2,1
2545 - 2545 5,1,2,1
2546 - 2546 1,1,2,1
2547 - 2547 2,1,2,1
2548 - 2548 6,1,2,1
2549 - 2549 7,1,2,1
2550 - 2550 0,1,2,1
2551 - 2551 5,1,2,1
2552 - 2552 1,6,2,1
2553 - 2553 5,6,2,1
2554 - 2554 0,6,2,1
2555 - 2555 0,6,2,1
2556 - 2556 6,6,2,1
2557 - 2557 7,6,2,1
2558 - 2558 0,6,2,1
2559 - 2559 5,6,2,1
2560 - 2560 5,5,1,0
