0
40
368
2952
23624
189016
1512128
1512160
12097296
189032
1512256
12098080
96784672
774277400
6194219216
49553753736
396430029904
49553753728
396430029840
3171440238760
25371521910080
3171440238752
3171440238752
396430029840
3171440238760
25371521910080
3171440238752
3171440238752
49553753744
396430029968
3171440239784
25371521918272
49553753768
396430030160
3171440241328
25371521930640
774277432
96784680
774277496
774277464
6194219728
49553757832
396430062672
49553757824
396430062608
3171440500904
25371524007232
3171440500896
3171440500896
396430062608
3171440500904
25371524007232
3171440500896
3171440500896
49553757840
396430062736
3171440501928
25371524015424
49553757864
396430062928
3171440503472
25371524027792
189000
1512000
12096032
96768288
774146328
6193170640
49545365128
396362921040
49545365120
396362920976
3170903367848
25367226942784
3170903367840
3170903367840
396362920976
3170903367848
25367226942784
3170903367840
3170903367840
49545365136
396362921104
3170903368872
25367226950976
49545365160
396362921296
3170903370416
25367226963344
774146360
96768296
774146424
774146392
6193171152
49545369224
396362953808
49545369216
396362953744
3170903629992
25367229039936
3170903629984
3170903629984
396362953744
3170903629992
25367229039936
3170903629984
3170903629984
49545369232
396362953872
3170903631016
25367229048128
49545369256
396362954064
3170903632560
25367229060496
12096056
96768472
774147800
6193182416
49545459336
396363674704
49545459328
396363674640
3170909397160
25367275177280
3170909397152
3170909397152
396363674640
3170909397160
25367275177280
3170909397152
3170909397152
49545459344
396363674768
3170909398184
25367275185472
49545459368
396363674960
3170909399728
25367275197840
96768464
96768480
774147864
6193182928
49545463432
396363707472
49545463424
396363707408
3170909659304
25367277274432
3170909659296
3170909659296
396363707408
3170909659304
25367277274432
3170909659296
3170909659296
49545463440
396363707536
3170909660328
25367277282624
49545463464
396363707728
3170909661872
25367277294992
774147880
6193183064
49545464520
396363716192
396363716176
49545464552
396363716432
774147872
12096048
96768416
774147352
6193178832
49545430664
396363445328
49545430656
396363445264
3170907562152
25367260497216
3170907562144
3170907562144
396363445264
3170907562152
25367260497216
3170907562144
3170907562144
49545430672
396363445392
3170907563176
25367260505408
49545430696
396363445584
3170907564720
25367260517776
23648
2944
23560
188504
1508032
1508064
12064528
188488
1507904
12063264
96506144
772049176
6176393424
49411147400
395289179216
49411147392
395289179152
3162313433256
25298507466048
3162313433248
3162313433248
395289179152
3162313433256
25298507466048
3162313433248
3162313433248
49411147408
395289179280
3162313434280
25298507474240
49411147432
395289179472
3162313435824
25298507486608
772049208
96506152
772049272
772049240
6176393936
49411151496
395289211984
49411151488
395289211920
3162313695400
25298509563200
3162313695392
3162313695392
395289211920
3162313695400
25298509563200
3162313695392
3162313695392
49411151504
395289212048
3162313696424
25298509571392
49411151528
395289212240
3162313697968
25298509583760
12063288
96506328
772050648
6176405200
49411241608
395289932880
49411241600
395289932816
3162319462568
25298555700544
3162319462560
3162319462560
395289932816
3162319462568
25298555700544
3162319462560
3162319462560
49411241616
395289932944
3162319463592
25298555708736
49411241640
395289933136
3162319465136
25298555721104
96506320
96506336
772050712
6176405712
49411245704
395289965648
49411245696
395289965584
3162319724712
25298557797696
3162319724704
3162319724704
395289965584
3162319724712
25298557797696
3162319724704
3162319724704
49411245712
395289965712
3162319725736
25298557805888
49411245736
395289965904
3162319727280
25298557818256
772050728
6176405848
49411246792
395289974368
395289974352
49411246824
395289974608
772050720
12063280
96506272
772050200
6176401616
49411212936
395289703504
49411212928
395289703440
3162317627560
25298541020480
3162317627552
3162317627552
395289703440
3162317627560
25298541020480
3162317627552
3162317627552
49411212944
395289703568
3162317628584
25298541028672
49411212968
395289703760
3162317630128
25298541041040
23552
23584
23552
2944
23560
188504
1508032
1508064
12064528
188488
1507904
12063264
96506144
772049176
6176393424
49411147400
395289179216
49411147392
395289179152
3162313433256
25298507466048
3162313433248
3162313433248
395289179152
3162313433256
25298507466048
3162313433248
3162313433248
49411147408
395289179280
3162313434280
25298507474240
49411147432
395289179472
3162313435824
25298507486608
772049208
96506152
772049272
772049240
6176393936
49411151496
395289211984
49411151488
395289211920
3162313695400
25298509563200
3162313695392
3162313695392
395289211920
3162313695400
25298509563200
3162313695392
3162313695392
49411151504
395289212048
3162313696424
25298509571392
49411151528
395289212240
3162313697968
25298509583760
12063288
96506328
772050648
6176405200
49411241608
395289932880
49411241600
395289932816
3162319462568
25298555700544
3162319462560
3162319462560
395289932816
3162319462568
25298555700544
3162319462560
3162319462560
49411241616
395289932944
3162319463592
25298555708736
49411241640
395289933136
3162319465136
25298555721104
96506320
96506336
772050712
6176405712
49411245704
395289965648
49411245696
395289965584
3162319724712
25298557797696
3162319724704
3162319724704
395289965584
3162319724712
25298557797696
3162319724704
3162319724704
49411245712
395289965712
3162319725736
25298557805888
49411245736
395289965904
3162319727280
25298557818256
772050728
6176405848
49411246792
395289974368
395289974352
49411246824
395289974608
772050720
12063280
96506272
772050200
6176401616
49411212936
395289703504
49411212928
395289703440
3162317627560
25298541020480
3162317627552
3162317627552
395289703440
3162317627560
25298541020480
3162317627552
3162317627552
49411212944
395289703568
3162317628584
25298541028672
49411212968
395289703760
3162317630128
25298541041040
23552
23584
23552
368
2952
23624
189016
1512128
1512160
12097296
189032
1512256
12098080
96784672
774277400
6194219216
49553753736
396430029904
49553753728
396430029840
3171440238760
25371521910080
3171440238752
3171440238752
396430029840
3171440238760
25371521910080
3171440238752
3171440238752
49553753744
396430029968
3171440239784
25371521918272
49553753768
396430030160
3171440241328
25371521930640
774277432
96784680
774277496
774277464
6194219728
49553757832
396430062672
49553757824
396430062608
3171440500904
25371524007232
3171440500896
3171440500896
396430062608
3171440500904
25371524007232
3171440500896
3171440500896
49553757840
396430062736
3171440501928
25371524015424
49553757864
396430062928
3171440503472
25371524027792
189000
1512000
12096032
96768288
774146328
6193170640
49545365128
396362921040
49545365120
396362920976
3170903367848
25367226942784
3170903367840
3170903367840
396362920976
3170903367848
25367226942784
3170903367840
3170903367840
49545365136
396362921104
3170903368872
25367226950976
49545365160
396362921296
3170903370416
25367226963344
774146360
96768296
774146424
774146392
6193171152
49545369224
396362953808
49545369216
396362953744
3170903629992
25367229039936
3170903629984
3170903629984
396362953744
3170903629992
25367229039936
3170903629984
3170903629984
49545369232
396362953872
3170903631016
25367229048128
49545369256
396362954064
3170903632560
25367229060496
12096056
96768472
774147800
6193182416
49545459336
396363674704
49545459328
396363674640
3170909397160
25367275177280
3170909397152
3170909397152
396363674640
3170909397160
25367275177280
3170909397152
3170909397152
49545459344
396363674768
3170909398184
25367275185472
49545459368
396363674960
3170909399728
25367275197840
96768464
96768480
774147864
6193182928
49545463432
396363707472
49545463424
396363707408
3170909659304
25367277274432
3170909659296
3170909659296
396363707408
3170909659304
25367277274432
3170909659296
3170909659296
49545463440
396363707536
3170909660328
25367277282624
49545463464
396363707728
3170909661872
25367277294992
774147880
6193183064
49545464520
396363716192
396363716176
49545464552
396363716432
774147872
12096048
96768416
774147352
6193178832
49545430664
396363445328
49545430656
396363445264
3170907562152
25367260497216
3170907562144
3170907562144
396363445264
3170907562152
25367260497216
3170907562144
3170907562144
49545430672
396363445392
3170907563176
25367260505408
49545430696
396363445584
3170907564720
25367260517776
23648
2944
23560
188504
1508032
1508064
12064528
188488
1507904
12063264
96506144
772049176
6176393424
49411147400
395289179216
49411147392
395289179152
3162313433256
25298507466048
3162313433248
3162313433248
395289179152
3162313433256
25298507466048
3162313433248
3162313433248
49411147408
395289179280
3162313434280
25298507474240
49411147432
395289179472
3162313435824
25298507486608
772049208
96506152
772049272
772049240
6176393936
49411151496
395289211984
49411151488
395289211920
3162313695400
25298509563200
3162313695392
3162313695392
395289211920
3162313695400
25298509563200
3162313695392
3162313695392
49411151504
395289212048
3162313696424
25298509571392
49411151528
395289212240
3162313697968
25298509583760
12063288
96506328
772050648
6176405200
49411241608
395289932880
49411241600
395289932816
3162319462568
25298555700544
3162319462560
3162319462560
395289932816
3162319462568
25298555700544
3162319462560
3162319462560
49411241616
395289932944
3162319463592
25298555708736
49411241640
395289933136
3162319465136
25298555721104
96506320
96506336
772050712
6176405712
49411245704
395289965648
49411245696
395289965584
3162319724712
25298557797696
3162319724704
3162319724704
395289965584
3162319724712
25298557797696
3162319724704
3162319724704
49411245712
395289965712
3162319725736
25298557805888
49411245736
395289965904
3162319727280
25298557818256
772050728
6176405848
49411246792
395289974368
395289974352
49411246824
395289974608
772050720
12063280
96506272
772050200
6176401616
49411212936
395289703504
49411212928
395289703440
3162317627560
25298541020480
3162317627552
3162317627552
395289703440
3162317627560
25298541020480
3162317627552
3162317627552
49411212944
395289703568
3162317628584
25298541028672
49411212968
395289703760
3162317630128
25298541041040
23552
23584
23552
2944
23560
188504
1508032
1508064
12064528
188488
1507904
12063264
96506144
772049176
6176393424
49411147400
395289179216
49411147392
395289179152
3162313433256
25298507466048
3162313433248
3162313433248
395289179152
3162313433256
25298507466048
3162313433248
3162313433248
49411147408
395289179280
3162313434280
25298507474240
49411147432
395289179472
3162313435824
25298507486608
772049208
96506152
772049272
772049240
6176393936
49411151496
395289211984
49411151488
395289211920
3162313695400
25298509563200
3162313695392
3162313695392
395289211920
3162313695400
25298509563200
3162313695392
3162313695392
49411151504
395289212048
3162313696424
25298509571392
49411151528
395289212240
3162313697968
25298509583760
12063288
96506328
772050648
6176405200
49411241608
395289932880
49411241600
395289932816
3162319462568
25298555700544
3162319462560
3162319462560
395289932816
3162319462568
25298555700544
3162319462560
3162319462560
49411241616
395289932944
3162319463592
25298555708736
49411241640
395289933136
3162319465136
25298555721104
96506320
96506336
772050712
6176405712
49411245704
395289965648
49411245696
395289965584
3162319724712
25298557797696
3162319724704
3162319724704
395289965584
3162319724712
25298557797696
3162319724704
3162319724704
49411245712
395289965712
3162319725736
25298557805888
49411245736
395289965904
3162319727280
25298557818256
772050728
6176405848
49411246792
395289974368
395289974352
49411246824
395289974608
772050720
12063280
96506272
772050200
6176401616
49411212936
395289703504
49411212928
395289703440
3162317627560
25298541020480
3162317627552
3162317627552
395289703440
3162317627560
25298541020480
3162317627552
3162317627552
49411212944
395289703568
3162317628584
25298541028672
49411212968
395289703760
3162317630128
25298541041040
23552
23584
23552
40
368
2952
23624
189016
1512128
1512160
12097296
189032
1512256
12098080
96784672
774277400
6194219216
49553753736
396430029904
49553753728
396430029840
3171440238760
25371521910080
3171440238752
3171440238752
396430029840
3171440238760
25371521910080
3171440238752
3171440238752
49553753744
396430029968
3171440239784
25371521918272
49553753768
396430030160
3171440241328
25371521930640
774277432
96784680
774277496
774277464
6194219728
49553757832
396430062672
49553757824
396430062608
3171440500904
25371524007232
3171440500896
3171440500896
396430062608
3171440500904
25371524007232
3171440500896
3171440500896
49553757840
396430062736
3171440501928
25371524015424
49553757864
396430062928
3171440503472
25371524027792
189000
1512000
12096032
96768288
774146328
6193170640
49545365128
396362921040
49545365120
396362920976
3170903367848
25367226942784
3170903367840
3170903367840
396362920976
3170903367848
25367226942784
3170903367840
3170903367840
49545365136
396362921104
3170903368872
25367226950976
49545365160
396362921296
3170903370416
25367226963344
774146360
96768296
774146424
774146392
6193171152
49545369224
396362953808
49545369216
396362953744
3170903629992
25367229039936
3170903629984
3170903629984
396362953744
3170903629992
25367229039936
3170903629984
3170903629984
49545369232
396362953872
3170903631016
25367229048128
49545369256
396362954064
3170903632560
25367229060496
12096056
96768472
774147800
6193182416
49545459336
396363674704
49545459328
396363674640
3170909397160
25367275177280
3170909397152
3170909397152
396363674640
3170909397160
25367275177280
3170909397152
3170909397152
49545459344
396363674768
3170909398184
25367275185472
49545459368
396363674960
3170909399728
25367275197840
96768464
96768480
774147864
6193182928
49545463432
396363707472
49545463424
396363707408
3170909659304
25367277274432
3170909659296
3170909659296
396363707408
3170909659304
25367277274432
3170909659296
3170909659296
49545463440
396363707536
3170909660328
25367277282624
49545463464
396363707728
3170909661872
25367277294992
774147880
6193183064
49545464520
396363716192
396363716176
49545464552
396363716432
774147872
12096048
96768416
774147352
6193178832
49545430664
396363445328
49545430656
396363445264
3170907562152
25367260497216
3170907562144
3170907562144
396363445264
3170907562152
25367260497216
3170907562144
3170907562144
49545430672
396363445392
3170907563176
25367260505408
49545430696
396363445584
3170907564720
25367260517776
23648
2944
23560
188504
1508032
1508064
12064528
188488
1507904
12063264
96506144
772049176
6176393424
49411147400
395289179216
49411147392
395289179152
3162313433256
25298507466048
3162313433248
3162313433248
395289179152
3162313433256
25298507466048
3162313433248
3162313433248
49411147408
395289179280
3162313434280
25298507474240
49411147432
395289179472
3162313435824
25298507486608
772049208
96506152
772049272
772049240
6176393936
49411151496
395289211984
49411151488
395289211920
3162313695400
25298509563200
3162313695392
3162313695392
395289211920
3162313695400
25298509563200
3162313695392
3162313695392
49411151504
395289212048
3162313696424
25298509571392
49411151528
395289212240
3162313697968
25298509583760
12063288
96506328
772050648
6176405200
49411241608
395289932880
49411241600
395289932816
3162319462568
25298555700544
3162319462560
3162319462560
395289932816
3162319462568
25298555700544
3162319462560
3162319462560
49411241616
395289932944
3162319463592
25298555708736
49411241640
395289933136
3162319465136
25298555721104
96506320
96506336
772050712
6176405712
49411245704
395289965648
49411245696
395289965584
3162319724712
25298557797696
3162319724704
3162319724704
395289965584
3162319724712
25298557797696
3162319724704
3162319724704
49411245712
395289965712
3162319725736
25298557805888
49411245736
395289965904
3162319727280
25298557818256
772050728
6176405848
49411246792
395289974368
395289974352
49411246824
395289974608
772050720
12063280
96506272
772050200
6176401616
49411212936
395289703504
49411212928
395289703440
3162317627560
25298541020480
3162317627552
3162317627552
395289703440
3162317627560
25298541020480
3162317627552
3162317627552
49411212944
395289703568
3162317628584
25298541028672
49411212968
395289703760
3162317630128
25298541041040
23552
23584
23552
2944
23560
188504
1508032
1508064
12064528
188488
1507904
12063264
96506144
772049176
6176393424
49411147400
395289179216
49411147392
395289179152
3162313433256
25298507466048
3162313433248
3162313433248
395289179152
3162313433256
25298507466048
3162313433248
3162313433248
49411147408
395289179280
3162313434280
25298507474240
49411147432
395289179472
3162313435824
25298507486608
772049208
96506152
772049272
772049240
6176393936
49411151496
395289211984
49411151488
395289211920
3162313695400
25298509563200
3162313695392
3162313695392
395289211920
3162313695400
25298509563200
3162313695392
3162313695392
49411151504
395289212048
3162313696424
25298509571392
49411151528
395289212240
3162313697968
25298509583760
12063288
96506328
772050648
6176405200
49411241608
395289932880
49411241600
395289932816
3162319462568
25298555700544
3162319462560
3162319462560
395289932816
3162319462568
25298555700544
3162319462560
3162319462560
49411241616
395289932944
3162319463592
25298555708736
49411241640
395289933136
3162319465136
25298555721104
96506320
96506336
772050712
6176405712
49411245704
395289965648
49411245696
395289965584
3162319724712
25298557797696
3162319724704
3162319724704
395289965584
3162319724712
25298557797696
3162319724704
3162319724704
49411245712
395289965712
3162319725736
25298557805888
49411245736
395289965904
3162319727280
25298557818256
772050728
6176405848
49411246792
395289974368
395289974352
49411246824
395289974608
772050720
12063280
96506272
772050200
6176401616
49411212936
395289703504
49411212928
395289703440
3162317627560
25298541020480
3162317627552
3162317627552
395289703440
3162317627560
25298541020480
3162317627552
3162317627552
49411212944
395289703568
3162317628584
25298541028672
49411212968
395289703760
3162317630128
25298541041040
23552
23584
23552
368
2952
23624
189016
1512128
1512160
12097296
189032
1512256
12098080
96784672
774277400
6194219216
49553753736
396430029904
49553753728
396430029840
3171440238760
25371521910080
3171440238752
3171440238752
396430029840
3171440238760
25371521910080
3171440238752
3171440238752
49553753744
396430029968
3171440239784
25371521918272
49553753768
396430030160
3171440241328
25371521930640
774277432
96784680
774277496
774277464
6194219728
49553757832
396430062672
49553757824
396430062608
3171440500904
25371524007232
3171440500896
3171440500896
396430062608
3171440500904
25371524007232
3171440500896
3171440500896
49553757840
396430062736
3171440501928
25371524015424
49553757864
396430062928
3171440503472
25371524027792
189000
1512000
12096032
96768288
774146328
6193170640
49545365128
396362921040
49545365120
396362920976
3170903367848
25367226942784
3170903367840
3170903367840
396362920976
3170903367848
25367226942784
3170903367840
3170903367840
49545365136
396362921104
3170903368872
25367226950976
49545365160
396362921296
3170903370416
25367226963344
774146360
96768296
774146424
774146392
6193171152
49545369224
396362953808
49545369216
396362953744
3170903629992
25367229039936
3170903629984
3170903629984
396362953744
3170903629992
25367229039936
3170903629984
3170903629984
49545369232
396362953872
3170903631016
25367229048128
49545369256
396362954064
3170903632560
25367229060496
12096056
96768472
774147800
6193182416
49545459336
396363674704
49545459328
396363674640
3170909397160
25367275177280
3170909397152
3170909397152
396363674640
3170909397160
25367275177280
3170909397152
3170909397152
49545459344
396363674768
3170909398184
25367275185472
49545459368
396363674960
3170909399728
25367275197840
96768464
96768480
774147864
6193182928
49545463432
396363707472
49545463424
396363707408
3170909659304
25367277274432
3170909659296
3170909659296
396363707408
3170909659304
25367277274432
3170909659296
3170909659296
49545463440
396363707536
3170909660328
25367277282624
49545463464
396363707728
3170909661872
25367277294992
774147880
6193183064
49545464520
396363716192
396363716176
49545464552
396363716432
774147872
12096048
96768416
774147352
6193178832
49545430664
396363445328
49545430656
396363445264
3170907562152
25367260497216
3170907562144
3170907562144
396363445264
3170907562152
25367260497216
3170907562144
3170907562144
49545430672
396363445392
3170907563176
25367260505408
49545430696
396363445584
3170907564720
25367260517776
23648
2944
23560
188504
1508032
1508064
12064528
188488
1507904
12063264
96506144
772049176
6176393424
49411147400
395289179216
49411147392
395289179152
3162313433256
25298507466048
3162313433248
3162313433248
395289179152
3162313433256
25298507466048
3162313433248
3162313433248
49411147408
395289179280
3162313434280
25298507474240
49411147432
395289179472
3162313435824
25298507486608
772049208
96506152
772049272
772049240
6176393936
49411151496
395289211984
49411151488
395289211920
3162313695400
25298509563200
3162313695392
3162313695392
395289211920
3162313695400
25298509563200
3162313695392
3162313695392
49411151504
395289212048
3162313696424
25298509571392
49411151528
395289212240
3162313697968
25298509583760
12063288
96506328
772050648
6176405200
49411241608
395289932880
49411241600
395289932816
3162319462568
25298555700544
3162319462560
3162319462560
395289932816
3162319462568
25298555700544
3162319462560
3162319462560
49411241616
395289932944
3162319463592
25298555708736
49411241640
395289933136
3162319465136
25298555721104
96506320
96506336
772050712
6176405712
49411245704
395289965648
49411245696
395289965584
3162319724712
25298557797696
3162319724704
3162319724704
395289965584
3162319724712
25298557797696
3162319724704
3162319724704
49411245712
395289965712
3162319725736
25298557805888
49411245736
395289965904
3162319727280
25298557818256
772050728
6176405848
49411246792
395289974368
395289974352
49411246824
395289974608
772050720
12063280
96506272
772050200
6176401616
49411212936
395289703504
49411212928
395289703440
3162317627560
25298541020480
3162317627552
3162317627552
395289703440
3162317627560
25298541020480
3162317627552
3162317627552
49411212944
395289703568
3162317628584
25298541028672
49411212968
395289703760
3162317630128
25298541041040
23552
23584
23552
2944
23560
188504
1508032
1508064
12064528
188488
1507904
12063264
96506144
772049176
6176393424
49411147400
395289179216
49411147392
395289179152
3162313433256
25298507466048
3162313433248
3162313433248
395289179152
3162313433256
25298507466048
3162313433248
3162313433248
49411147408
395289179280
3162313434280
25298507474240
49411147432
395289179472
3162313435824
25298507486608
772049208
96506152
772049272
772049240
6176393936
49411151496
395289211984
49411151488
395289211920
3162313695400
25298509563200
3162313695392
3162313695392
395289211920
3162313695400
25298509563200
3162313695392
3162313695392
49411151504
395289212048
3162313696424
25298509571392
49411151528
395289212240
3162313697968
25298509583760
12063288
96506328
772050648
6176405200
49411241608
395289932880
49411241600
395289932816
3162319462568
25298555700544
3162319462560
3162319462560
395289932816
3162319462568
25298555700544
3162319462560
3162319462560
49411241616
395289932944
3162319463592
25298555708736
49411241640
395289933136
3162319465136
25298555721104
96506320
96506336
772050712
6176405712
49411245704
395289965648
49411245696
395289965584
3162319724712
25298557797696
3162319724704
3162319724704
395289965584
3162319724712
25298557797696
3162319724704
3162319724704
49411245712
395289965712
3162319725736
25298557805888
49411245736
395289965904
3162319727280
25298557818256
772050728
6176405848
49411246792
395289974368
395289974352
49411246824
395289974608
772050720
12063280
96506272
772050200
6176401616
49411212936
395289703504
49411212928
395289703440
3162317627560
25298541020480
3162317627552
3162317627552
395289703440
3162317627560
25298541020480
3162317627552
3162317627552
49411212944
395289703568
3162317628584
25298541028672
49411212968
395289703760
3162317630128
25298541041040
23552
23584
23552
